289.7279,190.1543,374.6567,242.47804,0.99782735,0.99755365,2.0|0.10951164,202.17134,77.3876,257.01266,0.8678521,0.9786188,2.0|575.7367,168.64983,640.9905,230.46155,0.98838264,0.4164407,7.0|
233.79283,194.15182,338.2128,250.40102,0.9973431,0.998109,2.0|576.97705,164.64915,641.91327,227.00186,0.98987305,0.33980724,7.0|
152.35735,203.10767,289.71335,268.4752,0.9997342,0.9990362,2.0|576.7944,165.60684,641.63776,228.59123,0.9918156,0.3372211,2.0|
43.203125,204.60089,242.62682,291.766,0.9950813,0.99906,2.0|576.4626,168.21794,641.77716,229.5319,0.99293077,0.2837481,2.0|
-2.2598095,205.84406,158.25522,314.505,0.9979746,0.99923587,2.0|501.2425,183.71674,526.1846,203.21878,0.90049005,0.9942731,2.0|576.7782,167.78496,641.7925,229.79991,0.9926621,0.25450724,7.0|
493.76404,183.21306,522.2237,201.44312,0.8911007,0.9946808,2.0|576.8492,166.78217,641.7678,229.252,0.9925067,0.33981562,2.0|
576.7513,165.54948,641.0928,226.93974,0.993565,0.36613843,7.0|
482.02997,183.6322,511.3743,203.2191,0.9244145,0.9908246,2.0|578.1696,164.95833,641.83527,226.54608,0.9885007,0.4490516,7.0|
474.50925,186.2071,503.80692,205.6275,0.9573431,0.99365485,2.0|576.9691,167.9765,642.26196,228.88524,0.9886779,0.3908415,2.0|
469.7601,188.2772,497.70578,208.04915,0.8984097,0.98529214,2.0|577.82184,169.94022,642.44946,228.19925,0.98381746,0.3806344,7.0|
456.9015,191.7731,491.22046,212.63512,0.96576625,0.9914842,2.0|578.83685,169.98628,643.54517,228.78798,0.9857965,0.45873842,7.0|
448.45905,189.66797,485.21378,214.8799,0.966459,0.989437,2.0|578.1171,170.38828,642.5203,229.14977,0.9872802,0.43059054,7.0|
430.56192,188.89009,470.89603,214.76007,0.96561795,0.99065113,2.0|577.9759,169.21727,643.43567,228.99295,0.9877649,0.3668415,7.0|
417.76648,188.38148,463.7092,217.8051,0.9828791,0.97128516,2.0|580.14294,166.7213,644.9986,228.9426,0.99494123,0.5946256,7.0|
399.84262,194.68314,448.74475,220.00005,0.9270342,0.9938792,2.0|579.8863,165.02443,645.3007,227.35193,0.99076086,0.5307485,7.0|
580.5751,165.94151,645.5499,227.58653,0.9933089,0.48512232,7.0|
350.86447,186.00804,421.5562,232.13206,0.9035505,0.94268966,2.0|579.4567,166.99191,643.987,228.18799,0.98900247,0.6530972,5.0|
318.1499,198.94067,403.7342,241.70052,0.9500484,0.98566854,2.0|585.94836,168.16318,643.9279,227.38,0.9919968,0.46677056,5.0|577.8936,170.97884,648.01355,232.6794,0.96837234,0.31940407,7.0|
277.5049,183.79161,379.92593,247.83789,0.9692667,0.988101,2.0|584.9273,164.8844,640.4368,226.69922,0.98946893,0.6432349,5.0|
222.94208,194.47015,349.26706,254.18805,0.98887444,0.99294055,2.0|584.8225,165.47975,638.3566,224.16946,0.97712964,0.6431115,5.0|
149.22017,199.86777,307.51895,271.41656,0.99936837,0.9989543,2.0|584.137,164.1149,638.7814,223.13278,0.98496914,0.6947222,5.0|
33.797173,199.59575,254.888,295.92972,0.9986696,0.99172956,2.0|586.7671,163.92421,640.2408,226.43347,0.984984,0.8092437,5.0|
0.15432006,210.22575,185.7959,317.09293,0.99703515,0.9981876,2.0|581.51025,166.29643,644.8012,229.69049,0.9899997,0.5982187,5.0|
0.037184846,220.04839,72.34672,326.20456,0.9336192,0.9925506,2.0|580.9047,167.13261,645.116,229.77551,0.99223083,0.58593833,5.0|
581.4315,167.67326,645.0529,231.65117,0.994412,0.6763766,5.0|
580.5441,169.55795,645.2983,232.2962,0.9903464,0.66715705,5.0|
582.64276,169.38707,645.9158,231.6121,0.99194604,0.50426257,5.0|
581.7952,169.13689,645.5864,231.49237,0.99020827,0.4108409,2.0|
580.53455,168.32573,644.99023,229.70554,0.9881634,0.57001656,5.0|
580.2851,167.00093,644.8992,230.112,0.9884828,0.6966704,5.0|
580.4831,167.6163,644.4277,231.31645,0.9859745,0.58504474,5.0|
577.6575,168.00333,642.65173,232.08391,0.97846895,0.69424653,5.0|
580.95105,167.17358,641.4785,231.61961,0.97424,0.4311537,5.0|577.48615,169.1982,645.7935,233.69176,0.951688,0.32539627,7.0|
578.2239,167.94582,643.5606,233.84834,0.9807811,0.50763524,7.0|
580.8778,169.13107,644.8838,233.32262,0.98296875,0.59865,7.0|
580.60565,168.3931,645.46454,233.49152,0.98609525,0.44805503,7.0|
579.1659,167.63101,644.7098,232.17299,0.9903138,0.5090288,2.0|
581.8271,167.22667,646.01086,233.06621,0.9906218,0.39219412,7.0|
580.08887,167.44484,644.94324,234.95851,0.99154526,0.426564,2.0|
578.7501,167.44524,644.6322,233.59125,0.9822969,0.36748746,7.0|
581.9155,165.86559,646.0576,232.29707,0.9391113,0.7133425,5.0|
583.1494,165.50706,644.34375,229.26283,0.9683272,0.46993992,5.0|581.6475,165.9557,648.2778,230.89789,0.9750831,0.33318472,7.0|
579.80676,166.16542,646.4759,233.27719,0.96343255,0.6441124,5.0|
582.0279,166.59659,647.23413,235.75493,0.9883465,0.68942475,7.0|
582.59344,167.04553,647.5881,233.83255,0.9742244,0.61034817,7.0|
582.5028,165.81828,646.7192,229.10747,0.978327,0.41340387,7.0|
581.55005,164.65666,645.72614,228.63193,0.9790962,0.45301032,7.0|
578.07776,166.30302,645.0398,233.7417,0.96551406,0.5797226,7.0|
577.87274,166.74028,645.0692,234.14671,0.9851318,0.47820118,7.0|
576.3291,167.12788,645.8971,233.73631,0.98638135,0.5182844,2.0|
577.15674,166.81502,644.89014,232.14827,0.9494162,0.48455083,7.0|
575.02264,166.451,644.62384,228.53033,0.986502,0.54830927,2.0|
575.74506,165.62436,642.51166,227.31296,0.9264828,0.8446668,2.0|
575.2026,165.8043,643.79016,228.76079,0.9787875,0.6284058,2.0|
576.3779,166.2169,642.71716,229.51227,0.9581222,0.6555225,2.0|
574.2975,165.16257,641.92303,234.06201,0.9312465,0.49195847,5.0|
575.1832,167.20035,640.343,229.5685,0.9595427,0.42848253,2.0|
572.7717,167.24437,641.52185,232.77353,0.9891262,0.6339527,2.0|
572.8264,166.73381,641.50745,232.70906,0.9933628,0.41083562,2.0|
573.11017,166.39915,640.15656,233.20766,0.98709154,0.34756306,7.0|
573.72833,167.58075,641.14856,231.25655,0.99016565,0.41405383,2.0|
572.9331,167.8252,641.0557,232.3501,0.99109954,0.6383687,2.0|
572.4939,167.59319,641.2249,233.39346,0.97981334,0.5166992,2.0|
574.2597,168.16414,642.2634,232.77002,0.9760237,0.50897634,2.0|
574.4232,166.2276,641.87286,234.63068,0.96793336,0.4632301,2.0|
575.1505,164.63254,641.6977,233.70656,0.96910673,0.29532626,7.0|
576.5405,164.20784,642.28156,230.2095,0.97315943,0.4600207,5.0|
576.0602,167.57166,641.0379,230.26404,0.97114617,0.4000609,7.0|
574.2537,165.57156,642.2023,232.07158,0.9608822,0.39711335,2.0|
574.8832,165.54526,642.7699,232.28525,0.95893085,0.5075826,5.0|
574.9067,167.65254,641.32336,231.51068,0.9509867,0.34632123,7.0|
574.8208,166.52684,643.2071,234.4356,0.9648051,0.46496075,7.0|
574.35596,166.96887,643.03394,233.08511,0.96347415,0.4074222,7.0|
572.6452,167.61816,643.9107,228.28502,0.99551314,0.57349145,2.0|
574.32446,163.70831,641.7225,228.29778,0.9943984,0.38155583,7.0|
571.9864,166.042,641.2103,227.70149,0.93348294,0.5591956,2.0|
574.1449,166.87206,642.3734,231.38431,0.9781859,0.3630995,7.0|
572.25653,168.67358,641.5792,231.33807,0.9930941,0.7201138,2.0|
575.19745,165.76071,643.02515,232.21368,0.96739465,0.5037198,7.0|
574.6957,163.8319,640.88983,229.38852,0.96641403,0.5544795,7.0|
573.6178,165.62628,640.6105,228.51436,0.9598478,0.45517394,2.0|
572.98096,168.7569,638.5325,227.29414,0.9236967,0.3581883,7.0|
577.7107,167.69374,635.39935,227.54637,0.9005094,0.5540982,5.0|
579.0938,170.12042,633.8195,233.78407,0.94773614,0.34634796,7.0|
579.9748,174.68796,633.8243,231.03651,0.9242521,0.7722202,2.0|
521.3812,187.17621,545.5434,203.67508,0.85880095,0.9936858,2.0|574.5938,171.05426,631.6918,232.73143,0.87789416,0.66892195,2.0|

572.636,165.57571,639.212,228.6819,0.9374774,0.48174685,7.0|
572.8117,166.22932,630.2844,230.55695,0.86010724,0.5148306,7.0|
499.7398,186.24503,525.42096,203.19653,0.96882474,0.9883111,2.0|569.69275,171.94376,635.55005,235.43005,0.97416455,0.92535,2.0|
490.3857,184.65067,520.0125,205.18791,0.8944644,0.98049647,2.0|571.21423,176.60493,634.50116,231.15768,0.95857495,0.9134903,2.0|
481.3752,187.24109,509.85483,205.86922,0.8885567,0.9820987,2.0|566.92883,169.95671,630.6146,233.04887,0.98895335,0.7734362,2.0|
472.5818,186.04242,507.5456,209.32605,0.97313774,0.9318635,2.0|568.00714,169.15187,629.9409,228.62323,0.9443399,0.83227664,2.0|
567.49805,171.83621,626.0168,229.05399,0.98938984,0.9511879,2.0|459.45297,183.09476,502.53665,211.76874,0.985666,0.9221614,2.0|
448.1325,191.45366,488.7467,217.24806,0.9887453,0.98952055,2.0|565.70013,170.29782,628.1627,230.45312,0.9865203,0.92692506,2.0|
430.55548,190.78114,477.30145,216.61743,0.95071846,0.9788684,2.0|564.78906,165.62555,628.413,228.61348,0.98414296,0.820164,2.0|
412.09756,190.38452,465.46814,222.65639,0.98168784,0.9464938,2.0|563.8986,165.95416,625.7425,230.5687,0.9331736,0.81119716,2.0|
388.87378,188.78175,454.83304,232.76839,0.98346806,0.924973,2.0|563.75916,165.37897,626.1054,231.71921,0.99100983,0.7452019,2.0|
358.10144,186.18585,442.00204,238.27704,0.9924481,0.6268927,7.0|564.47974,162.96808,625.9677,229.66391,0.96637774,0.59647745,2.0|359.07925,189.43858,441.27985,244.25768,0.8959055,0.56450194,2.0|
318.18994,189.7545,416.95465,243.1821,0.9989504,0.98748106,2.0|566.4082,162.26138,624.71027,229.60245,0.9914937,0.48611048,2.0|
267.8717,196.90717,394.95142,258.5114,0.9996505,0.99090064,2.0|564.9362,161.92113,627.57416,229.30185,0.9917681,0.67434925,2.0|
169.95322,193.43494,348.1623,282.3448,0.9963187,0.9969477,2.0|562.76666,163.79044,626.2663,229.22273,0.9805659,0.87458205,2.0|
13.29377,200.08754,280.81613,314.42365,0.999806,0.99976975,2.0|564.2602,165.3522,628.432,228.1988,0.9771977,0.9225061,2.0|
-2.5552118,207.45908,190.11363,362.15536,0.99731916,0.9978377,2.0|564.08496,167.48253,626.8867,227.50296,0.9024551,0.9012378,2.0|
566.3195,163.94688,630.70135,225.92961,0.87661594,0.68381345,2.0|
569.59106,163.40056,631.86316,225.76332,0.98538315,0.5525224,2.0|573.54065,160.6799,626.0115,218.39804,0.82839227,0.4937762,7.0|
570.74304,167.35175,631.87103,227.20961,0.9820255,0.529283,2.0|
570.7652,168.63658,633.11633,227.5894,0.98142505,0.62898874,2.0|
571.4769,163.72766,634.17474,225.0752,0.99000543,0.28959027,7.0|
571.2829,163.50288,635.233,226.65538,0.9881688,0.5979834,2.0|
572.4613,166.93602,637.90106,227.39256,0.9877044,0.3817958,2.0|
572.8216,168.62207,634.9087,228.80418,0.9890216,0.33667642,7.0|571.8125,168.65028,639.0673,231.24167,0.95230734,0.23372164,2.0|
574.0637,170.83496,638.33,230.17851,0.983111,0.33921123,2.0|
574.30383,171.52417,637.7257,231.55418,0.9807053,0.454559,7.0|
573.6938,167.87363,638.01843,230.4668,0.9880585,0.5439874,7.0|
573.96246,164.60054,637.4539,226.03436,0.9929431,0.3529911,7.0|
577.05084,163.06363,636.65485,223.24632,0.8305169,0.6636419,7.0|
577.0792,163.39838,635.09595,222.18677,0.84291786,0.43519536,7.0|
497.99173,187.20097,527.1138,204.83063,0.9139352,0.9722073,2.0|579.1369,164.95496,632.1723,218.18979,0.81670433,0.52135295,7.0|
489.0558,183.41916,522.6948,209.84885,0.98710686,0.98260593,2.0|575.69293,165.47397,633.44403,220.97012,0.97568035,0.3739242,2.0|
479.879,189.50395,516.04407,213.895,0.9780828,0.97231895,2.0|577.88513,164.27075,632.02795,222.91757,0.9589207,0.453896,7.0|
471.4138,187.14877,509.1681,216.31328,0.9778476,0.91471463,2.0|579.12976,162.87303,633.75397,223.52782,0.9726309,0.5964522,7.0|
454.10498,181.99449,500.10553,219.57454,0.8542004,0.8304265,2.0|579.4469,162.73036,631.0646,220.94434,0.8583796,0.7683163,7.0|
434.23117,178.21523,492.5964,225.80798,0.84042704,0.776547,7.0|579.3563,162.4197,630.995,221.94156,0.83078146,0.66166276,7.0|
418.8688,190.25153,480.8012,234.30792,0.94134104,0.9343526,2.0|579.7592,167.53815,633.625,230.05923,0.95924675,0.5825471,7.0|
394.14484,189.81404,466.78934,242.64496,0.9964708,0.9684743,2.0|
362.21994,196.42441,447.66925,251.68861,0.99644023,0.94390804,2.0|587.0244,183.89166,627.6148,220.59276,0.8688353,0.680445,2.0|
313.05524,196.3891,423.40475,257.72543,0.99921584,0.98873097,2.0|588.59894,184.03746,625.62476,220.37494,0.9070597,0.68253154,2.0|
241.08372,197.24734,396.4216,278.31885,0.99919695,0.99623847,2.0|583.6279,180.77493,629.1442,219.63826,0.8524423,0.7050099,2.0|578.4815,172.98317,633.1291,224.78784,0.8686952,0.60562885,7.0|
131.34909,195.4531,344.4183,299.65295,0.9997038,0.99951553,2.0|583.8115,176.79503,630.5716,215.85776,0.89345443,0.55034065,2.0|580.50653,168.9738,632.65533,221.03285,0.8570327,0.3600709,7.0|
-2.5491488,204.52051,272.80298,353.3661,0.9998989,0.9987369,2.0|585.02997,179.19809,630.85455,212.38953,0.9054111,0.8333554,2.0|
1.5730287,204.22942,137.83821,373.94922,0.9955539,0.99368083,2.0|584.06287,166.64948,634.77496,222.4768,0.9614292,0.40000084,7.0|
586.71204,171.49771,634.70013,219.86462,0.9412007,0.47655398,7.0|
585.4516,174.60234,637.8174,227.76578,0.91789305,0.6248868,7.0|589.3729,183.46887,633.0897,222.61186,0.8018344,0.49040344,2.0|
589.13074,180.3375,638.3245,223.96243,0.88689727,0.78063095,2.0|
590.1027,181.12912,636.60614,219.6211,0.9134709,0.5780103,2.0|588.4316,173.96165,640.07666,225.31314,0.86572415,0.42421186,7.0|
588.7796,176.81119,638.99713,221.36859,0.90637946,0.7879423,2.0|
586.7805,168.64041,640.44165,222.68063,0.97151035,0.5499272,7.0|
587.23926,170.02415,640.16644,219.2272,0.9404387,0.48153856,7.0|
587.3623,171.48352,640.544,217.60211,0.8957103,0.5303793,7.0|
588.0257,175.58916,636.88934,216.54286,0.93656325,0.6971587,2.0|
588.5172,171.76192,635.6645,217.9808,0.93797594,0.51140225,2.0|585.9328,170.57828,638.517,216.66664,0.8192737,0.43372044,7.0|
588.47076,169.343,639.07043,218.12105,0.96049225,0.5371065,5.0|
586.58795,169.52118,638.0581,216.34195,0.86474407,0.6119925,5.0|
588.2252,166.45766,638.32184,215.13316,0.902648,0.5655584,7.0|586.482,170.52301,637.39276,216.7742,0.8113996,0.49571967,2.0|
586.75885,170.15712,635.7693,218.19997,0.892679,0.43393943,7.0|
586.5478,174.60089,635.1735,222.52638,0.9338983,0.52169824,7.0|
588.1717,178.99535,633.9961,218.81766,0.9447605,0.43876195,7.0|
584.30585,175.20651,634.9577,216.07239,0.94308263,0.47500795,2.0|
584.9543,173.42038,630.9159,214.87128,0.96994096,0.4116426,2.0|
583.91046,171.51152,633.0331,215.82176,0.9343968,0.34242097,2.0|582.2718,167.71982,633.53955,218.09956,0.8872419,0.34683952,7.0|
583.00323,172.74254,635.00134,215.86974,0.95589375,0.6050727,2.0|580.66296,169.28557,634.201,218.76619,0.85219806,0.4151045,7.0|
586.03644,174.51471,635.42065,215.85606,0.96671516,0.7239763,2.0|
583.3061,171.88504,635.0608,218.28847,0.955367,0.736448,2.0|
583.5138,171.96312,635.01605,218.22815,0.94664484,0.7233371,2.0|
584.4748,172.69466,636.05396,216.06885,0.94726765,0.5843107,2.0|584.20496,168.1284,636.3042,218.59436,0.88696134,0.32564908,7.0|
584.4809,171.53163,636.7355,217.17296,0.96608555,0.7434749,2.0|
586.0621,174.8937,634.75757,215.47835,0.9660335,0.7303216,2.0|583.7164,167.6844,635.98083,220.66277,0.876479,0.38703296,7.0|
585.2143,175.53949,635.672,215.21248,0.96574515,0.6329579,2.0|583.15326,168.28363,636.99384,219.67299,0.8729183,0.48574674,7.0|
586.6935,176.23108,632.4257,214.9639,0.96528727,0.6257548,2.0|
586.549,169.98428,634.39825,217.12202,0.84864086,0.6491246,7.0|
587.67474,173.77374,632.61694,215.57414,0.9516963,0.5255692,7.0|
588.84235,173.5792,632.4484,215.63362,0.93866575,0.5903811,2.0|
587.9064,172.7533,633.01056,216.5523,0.91543764,0.5795285,2.0|
589.4347,174.10313,632.44147,216.08148,0.9471263,0.52961254,7.0|
590.8239,174.83977,632.481,216.46645,0.9646359,0.5380532,7.0|
590.7152,173.724,633.51416,216.6741,0.9467105,0.5651854,7.0|
590.1031,174.7028,635.24066,216.31766,0.9586236,0.6343552,2.0|
591.5234,174.98917,632.7475,214.97852,0.9712177,0.7069873,2.0|
590.852,175.37631,632.72107,214.30531,0.9760108,0.590475,2.0|
481.44235,189.43213,505.18295,205.46513,0.88942873,0.98294157,2.0|589.6954,176.04663,634.5634,215.74646,0.98073316,0.5440867,2.0|
587.0106,172.55296,634.8275,217.21489,0.9422802,0.4316658,7.0|
470.18008,186.92062,500.09293,208.8455,0.9369404,0.98115647,2.0|590.2687,177.63554,632.37683,213.6278,0.968566,0.80104727,2.0|
454.45203,191.41786,489.41776,209.9804,0.928558,0.9871568,2.0|589.23285,177.82773,632.4567,213.51263,0.983098,0.7565465,2.0|
442.9452,188.81316,479.55838,211.4567,0.96246886,0.9777076,2.0|590.1635,177.10382,632.59515,213.2564,0.97095037,0.6539156,2.0|
429.45337,190.7496,464.13687,215.2366,0.95022357,0.9736988,2.0|590.50885,177.7353,629.69995,213.87907,0.96994036,0.6748279,2.0|
408.31467,186.3982,461.97675,220.05623,0.9643557,0.95133483,2.0|592.0792,178.4064,632.60913,216.55322,0.97057784,0.5178958,2.0|
381.94406,187.64316,440.30548,224.42601,0.99274665,0.9850566,2.0|589.57733,176.37775,632.2575,216.26384,0.9765875,0.4892257,2.0|
355.7332,186.26956,421.4808,228.68309,0.9771478,0.98553526,2.0|588.62585,178.16457,633.0526,215.71724,0.9819772,0.7274936,2.0|
321.13947,190.58728,396.11874,236.52184,0.9979578,0.9904732,2.0|588.6557,176.99516,634.28217,215.53389,0.9765189,0.48706123,2.0|
271.4583,188.67068,368.8295,241.55405,0.9979304,0.9971878,2.0|588.0034,175.09737,637.1586,216.26248,0.9718939,0.4059933,2.0|
203.12137,193.44536,321.96802,256.37732,0.99634403,0.9943561,2.0|592.5082,181.34352,627.5478,211.55598,0.94917667,0.9795846,2.0|
99.21253,197.40169,263.3634,278.16058,0.99528223,0.9986743,2.0|
-0.5460995,199.5613,185.96172,309.06476,0.99748284,0.9958955,2.0|




591.5427,181.60266,631.9077,216.55972,0.84343475,0.9271312,2.0|
589.59283,179.09344,635.41327,218.85254,0.9191304,0.9298944,2.0|

589.03625,175.25455,640.3791,216.54776,0.93552995,0.7579794,2.0|
590.21045,175.9343,636.554,216.13583,0.9697862,0.9580359,2.0|
500.3607,185.16048,522.37305,200.60419,0.8356549,0.99590033,2.0|590.1633,174.76643,632.474,215.09973,0.8958109,0.86473614,2.0|
589.52576,176.23631,631.08057,214.16962,0.97103286,0.9427453,2.0|496.74396,185.33768,519.1284,199.29303,0.8847368,0.99643874,2.0|
586.59534,174.13017,633.1323,215.15553,0.9351971,0.83568853,2.0|
476.90756,185.26936,502.75504,202.16231,0.8542401,0.9872062,2.0|585.8935,177.05426,633.45654,214.20259,0.81547266,0.7999406,2.0|
584.2251,172.2955,633.0786,216.17308,0.93741614,0.796589,2.0|
585.0403,171.09596,630.74927,216.4667,0.9411397,0.8138039,2.0|
445.9378,185.392,479.88824,210.12552,0.938562,0.98855805,2.0|586.5485,175.54869,628.25287,216.06705,0.9716618,0.94507384,2.0|
584.5906,177.37726,626.7631,217.04622,0.9705458,0.975493,2.0|424.91705,188.14793,471.60345,211.30699,0.84340745,0.9730672,2.0|
581.1145,175.45865,629.4603,217.30438,0.8674451,0.96628857,2.0|
394.211,193.98927,442.45303,216.33249,0.92452294,0.98824453,2.0|575.7748,173.00941,631.29346,216.7941,0.881062,0.9571535,2.0|
366.9196,192.48149,423.04218,225.21281,0.9636607,0.95914674,2.0|574.734,175.97462,633.52576,217.82413,0.91117364,0.97873634,2.0|
575.4278,181.8192,631.8809,218.26329,0.9820962,0.9727802,2.0|335.39874,192.85542,409.93237,236.35588,0.853947,0.85834885,2.0|
299.0978,191.93494,386.26834,239.25621,0.99648464,0.9724787,2.0|579.7935,182.76956,628.3089,217.68729,0.97683424,0.95603645,2.0|
256.6196,200.27393,357.11636,249.00427,0.9985802,0.980305,2.0|579.87823,180.78485,630.3254,217.24333,0.9847438,0.96596855,2.0|
164.66649,205.23067,312.22192,269.5624,0.9970176,0.9873154,2.0|583.3863,182.19618,628.31134,216.02727,0.97888994,0.9791164,2.0|
32.019783,207.32306,254.65851,297.334,0.9991848,0.9799588,2.0|580.26465,180.77307,631.79156,217.1873,0.9334955,0.91650116,2.0|
2.587676,211.95044,166.8102,321.58853,0.99738044,0.99435484,2.0|584.48553,181.63808,630.1517,215.5962,0.9743916,0.9228949,2.0|
583.63605,182.06041,629.61615,217.41302,0.9825136,0.9246813,2.0|
583.2419,180.48903,632.648,216.83589,0.9683887,0.7754648,2.0|
582.63354,174.4161,634.74255,217.22176,0.9418075,0.5005622,2.0|
582.7457,174.24825,634.8744,216.9543,0.94686645,0.55217826,2.0|
583.5243,171.15385,633.94934,217.10802,0.938656,0.5076674,7.0|
584.111,172.98694,632.3733,215.83263,0.95841503,0.45061377,7.0|
586.08203,178.29593,630.88513,214.11058,0.973043,0.79423636,2.0|
585.10675,177.08995,630.26324,216.42433,0.9830762,0.4978984,2.0|
582.98627,179.2868,630.65454,217.49496,0.9663177,0.6128519,2.0|
582.6465,180.46599,633.95703,219.61058,0.9520451,0.44456938,7.0|
587.41516,176.97609,635.3804,220.25241,0.9492783,0.5467493,7.0|
586.49426,176.13858,637.2385,216.1159,0.98391354,0.4735381,2.0|
586.98126,175.09842,636.24274,215.03503,0.97384256,0.64542997,2.0|
586.2262,172.37556,634.6731,215.79907,0.956587,0.36331666,7.0|
586.9347,171.36171,636.3871,216.54666,0.97517234,0.3447072,2.0|
587.1847,170.522,636.9391,218.38297,0.9641266,0.3828309,7.0|
585.8586,173.06332,637.6354,215.72485,0.9727937,0.76086915,2.0|
586.79736,172.94041,634.7602,216.06096,0.9681911,0.41553152,2.0|
587.7335,169.2227,635.46594,219.0318,0.95911044,0.6287922,5.0|
589.1006,171.49084,635.6943,217.20068,0.9743664,0.33523104,5.0|
586.0548,170.57922,631.7676,216.51526,0.9541748,0.3250829,7.0|
586.85986,168.37375,630.9186,217.80988,0.95058227,0.32263035,7.0|
587.773,171.04298,630.45874,215.9731,0.9532613,0.4395545,2.0|
586.9476,171.95073,631.447,216.11658,0.93925714,0.3210509,2.0|
586.76807,171.78772,631.952,217.22922,0.96293974,0.36037013,5.0|
587.8447,178.13443,632.32074,216.50882,0.9784212,0.6021012,5.0|
587.89905,176.0022,633.8173,217.91154,0.97350186,0.59490705,5.0|
588.03094,171.7229,636.59564,217.64082,0.9679346,0.5481911,5.0|
588.8829,170.39645,637.4131,216.94145,0.93785536,0.34075907,5.0|
588.61786,172.6303,638.035,216.46577,0.9534053,0.4084397,2.0|
591.0078,171.25615,639.6155,218.42307,0.9243714,0.2920323,5.0|
591.6449,172.68607,640.1105,215.67741,0.93657625,0.32815433,7.0|
456.30106,190.61104,483.3371,209.32022,0.8596197,0.9845829,2.0|574.9758,180.73105,590.2386,193.8381,0.8504913,0.97451615,2.0|593.20703,171.60533,639.8556,216.12222,0.9258922,0.2954205,2.0|
444.30887,187.62686,478.13052,211.06163,0.97212887,0.98585343,2.0|501.32825,179.834,524.0169,196.34659,0.8203265,0.9192406,2.0|593.99744,170.73842,639.8236,215.30803,0.84032875,0.3509031,2.0|
428.91858,192.02629,464.47275,215.16089,0.95664984,0.9893253,2.0|594.6764,170.33907,639.7453,217.61409,0.82287365,0.36107337,7.0|
415.0599,191.13965,455.6746,219.3884,0.9913858,0.9712029,2.0|
390.18637,194.5239,436.60986,223.64224,0.9902726,0.9912617,2.0|525.1735,187.43414,543.30023,201.01947,0.87581897,0.99522734,2.0|594.52527,168.35513,647.2117,216.82982,0.8498338,0.67268026,7.0|
358.195,191.97566,431.237,228.9168,0.9873893,0.98035,2.0|470.64496,181.71883,502.1926,204.9576,0.8948697,0.96076035,2.0|521.09143,186.95464,542.3213,201.82715,0.8568029,0.99369675,2.0|598.79504,168.05444,648.9626,219.97296,0.8640302,0.546997,2.0|
329.61267,193.67961,399.71097,235.16122,0.9624866,0.9860531,2.0|598.5201,167.3518,649.14087,219.97227,0.9296891,0.53968805,7.0|
287.86758,194.98802,376.21698,244.112,0.99887127,0.9947674,2.0|496.87817,188.73145,525.1882,210.7877,0.9570543,0.99371403,2.0|449.05408,175.62967,486.49014,213.53621,0.96913534,0.79040444,2.0|600.1834,166.2605,649.2138,220.86916,0.9144389,0.53132397,7.0|
222.78407,202.58537,333.45868,259.2358,0.99956316,0.970028,2.0|484.72913,194.694,511.2532,214.36249,0.9010111,0.9825057,2.0|434.94464,172.49841,480.68274,216.98265,0.9146819,0.5641723,7.0|600.8324,166.62439,648.2008,221.37811,0.89245886,0.5442353,7.0|
114.36304,208.43001,287.69086,282.0029,0.99865377,0.99685043,2.0|572.1588,188.01935,593.0496,203.75432,0.89729553,0.99382365,2.0|469.32193,191.22523,509.03522,219.44185,0.91958976,0.9482272,2.0|416.41202,178.99034,462.3312,219.91109,0.9133981,0.6809047,2.0|601.5873,168.07605,648.67096,221.341,0.9185862,0.52232176,7.0|
-3.1570344,215.21548,196.89377,312.5374,0.99838555,0.9855886,2.0|528.93964,186.3951,546.31085,200.78249,0.9079716,0.99353206,2.0|447.6303,191.55411,497.13797,230.3066,0.92294717,0.938463,2.0|394.44504,176.36595,449.69116,225.05444,0.9652736,0.612763,7.0|600.5408,167.82916,650.2743,221.05482,0.9401436,0.47937468,7.0|601.7325,169.48138,651.0896,220.29948,0.91259176,0.47726685,2.0|
525.112,184.50008,544.94006,201.5692,0.9679694,0.9955415,2.0|478.85828,187.79292,502.68134,208.19174,0.9646764,0.9969241,2.0|-1.8062731,229.66403,70.97288,321.66245,0.9432045,0.9805387,2.0|426.2225,188.13559,477.05505,233.93997,0.8570753,0.86423516,2.0|366.88654,176.95001,429.63907,229.10902,0.9712631,0.6678791,2.0|599.2502,167.52362,651.56055,220.90292,0.96797425,0.38849682,7.0|
387.7081,190.58105,467.5081,247.61383,0.99617296,0.9867628,2.0|474.27338,189.2623,500.4554,206.60617,0.96003324,0.9960879,2.0|518.3608,183.67873,543.307,201.45923,0.9530052,0.99109113,2.0|335.0847,182.54169,404.0856,236.71881,0.98971796,0.8705269,2.0|602.9286,173.5046,650.3831,218.99446,0.8924965,0.511436,2.0|601.5467,167.18896,650.9036,221.92749,0.86133003,0.4060941,7.0|
326.6156,192.10063,436.50217,257.0442,0.9974476,0.98920095,2.0|507.64114,187.20558,532.0377,206.48732,0.9146777,0.9764678,2.0|468.7793,190.40512,492.94894,208.89354,0.90623534,0.9802418,2.0|292.06808,178.05196,377.69916,242.68037,0.95997036,0.84469885,2.0|607.2897,179.78734,645.42725,215.52356,0.9077791,0.7471658,2.0|
238.81444,188.28758,402.93176,279.1924,0.9835081,0.9902209,2.0|454.48508,192.09529,484.66968,211.92757,0.92641866,0.9851799,2.0|497.27734,183.90979,530.58307,209.68227,0.955176,0.91183215,2.0|607.54333,173.64388,646.94293,217.08432,0.9440312,0.37756217,2.0|
110.22911,186.97589,351.68314,317.07724,0.999503,0.9759997,2.0|489.68228,185.70612,522.58527,211.45956,0.96199256,0.9841111,2.0|436.9592,188.50157,471.86896,212.42882,0.8769857,0.98426014,2.0|608.50055,179.13892,645.5929,216.15282,0.8607133,0.8536535,2.0|
-1.6845294,209.11012,217.25877,369.69687,0.99936086,0.9835618,2.0|423.12238,191.62631,462.18076,216.66582,0.9827284,0.98698795,2.0|472.1644,188.61206,511.73895,216.28615,0.97040623,0.97627753,2.0|36.76234,170.11137,254.80125,263.2342,0.968239,0.88210124,7.0|608.5251,178.83112,645.6067,216.15529,0.8833296,0.63635033,2.0|
404.5919,190.84447,445.08386,220.96606,0.9814232,0.97617185,2.0|458.07565,186.28932,508.63947,219.63016,0.96981156,0.9453771,2.0|-0.27214456,155.96037,139.66647,329.62033,0.9586527,0.8611625,7.0|
438.77167,193.30362,488.7742,224.70877,0.9392991,0.98781335,2.0|382.5325,188.77286,429.6137,222.70937,0.8951312,0.9675378,2.0|607.65234,171.82938,646.631,218.32864,0.88948053,0.4197945,2.0|
400.74054,186.8925,479.64294,234.7195,0.9268616,0.9206905,2.0|354.5381,186.71356,418.68976,233.24803,0.87521094,0.89480776,2.0|609.1038,175.23894,647.01373,217.33684,0.8517628,0.8928651,2.0|
364.5285,185.76215,458.3452,243.93529,0.984974,0.98526615,2.0|317.97556,185.33345,381.94043,237.45259,0.9713336,0.87943476,2.0|603.31586,171.35847,649.80945,220.17288,0.80375016,0.60541505,2.0|
293.39136,187.939,425.78622,257.46042,0.9952128,0.98548687,2.0|446.16467,188.17686,481.1535,210.90955,0.90855485,0.9839919,2.0|266.6808,187.03564,343.41705,243.5142,0.924983,0.9254076,2.0|607.6957,174.03311,649.39197,217.51308,0.86345565,0.7834678,2.0|
210.54639,191.21156,383.86572,283.79666,0.9978678,0.9780617,2.0|438.42706,188.46678,474.7986,213.15053,0.9435083,0.98139143,2.0|197.6994,188.36961,279.51703,256.1591,0.8169887,0.9610256,2.0|600.3436,170.17805,652.53436,223.30354,0.8410342,0.46460342,7.0|
57.015026,182.93562,322.85007,328.77283,0.9993338,0.9775775,2.0|419.26193,191.81363,459.84305,217.60886,0.9723651,0.98463154,2.0|603.82635,179.7009,649.82526,216.52321,0.87138206,0.68420655,2.0|
-0.5312305,191.84726,194.31119,380.864,0.9979721,0.9495558,2.0|397.88232,194.44753,444.5951,224.04083,0.949112,0.9828424,2.0|600.0411,167.76535,653.70996,221.03104,0.9201893,0.41433048,7.0|
601.1423,175.71088,653.4212,216.80872,0.9416028,0.9605552,2.0|-4.900675,203.58768,60.646996,315.79657,0.96211815,0.87906593,2.0|
333.13034,187.44833,410.04703,231.91927,0.9825362,0.9775122,2.0|601.1225,178.20854,651.2538,218.32697,0.9612059,0.9577082,2.0|
293.837,186.92122,378.4016,239.60098,0.98815674,0.9931599,2.0|606.3339,172.79312,646.30597,215.42969,0.9297536,0.89419705,2.0|
240.87036,187.20285,352.67865,245.93248,0.9978142,0.9883139,2.0|604.19196,179.1111,650.04987,217.8573,0.9316383,0.94182664,2.0|
