























































































































































































































0.54754686,139.6274,82.10273,295.41397,0.9336038,0.9348925,2.0|



518.7811,214.41992,591.30206,258.36957,0.88510793,0.970153,2.0|



523.88934,212.88953,604.13385,259.69113,0.8122952,0.9606311,2.0|
534.81274,214.52536,611.831,265.20322,0.9623803,0.90971,2.0|
541.3778,218.3105,627.77716,265.23694,0.8810648,0.671783,2.0|
552.86646,213.64294,641.9029,266.2445,0.94058716,0.9110735,2.0|422.90216,215.6487,467.7325,248.38383,0.9188344,0.8201554,2.0|
559.81696,210.2172,656.8033,266.34976,0.97420317,0.9324419,2.0|
573.71185,204.04388,666.8868,262.05313,0.931587,0.981293,2.0|
587.0349,200.93576,686.8573,258.97507,0.988782,0.9768928,2.0|
594.2904,196.50806,709.4818,256.3016,0.97469294,0.9692612,2.0|466.61954,196.56763,512.4631,236.76628,0.9146071,0.90414435,2.0|426.83792,208.85094,451.7893,225.57776,0.8118835,0.99235594,2.0|
611.9458,193.96036,723.59753,257.91556,0.990159,0.9892876,2.0|
627.9538,195.7656,753.4297,260.91934,0.9953816,0.98495066,2.0|
636.9323,197.04277,777.5123,264.7278,0.9919606,0.9893189,2.0|
649.00336,199.53116,792.3677,269.7718,0.9980355,0.995621,2.0|
665.9964,192.09921,818.4596,270.74707,0.99585706,0.97348356,2.0|
670.7762,195.52266,853.1523,272.0246,0.9965919,0.9973017,2.0|501.04083,200.23503,522.74384,216.04616,0.82240826,0.99553704,2.0|526.23364,185.45654,579.2902,230.717,0.88734937,0.90527296,2.0|
677.41907,197.58807,887.535,277.83484,0.99868745,0.9962196,2.0|533.3422,189.41104,587.16644,231.88284,0.85283864,0.8827669,2.0|
696.61884,195.3758,922.8423,282.20346,0.99742657,0.9829291,2.0|540.9602,191.1362,585.4851,232.777,0.8548878,0.92435074,2.0|
704.4846,201.30664,957.9414,293.68524,0.9975266,0.9698346,2.0|
710.71985,210.00322,1003.03485,307.51822,0.99373865,0.90217334,2.0|
724.08203,220.67915,1001.0214,312.17047,0.96619326,0.90100944,2.0|556.84296,207.75822,612.33563,257.7698,0.90189826,0.8933413,2.0|
746.08887,220.69685,1057.3654,321.15787,0.99806756,0.95871645,2.0|563.30225,209.7669,614.83746,255.81519,0.85830986,0.5492063,2.0|
739.71436,214.52441,1088.6725,331.52222,0.9925781,0.98433936,2.0|567.7167,201.06284,615.5386,251.55319,0.8652405,0.7188285,2.0|
766.3815,208.32181,1139.836,340.19608,0.9974171,0.986369,2.0|
780.9886,204.52641,1187.353,347.12762,0.99628145,0.96196413,2.0|568.95044,187.05017,628.6829,239.42809,0.8633351,0.8170207,2.0|
793.9513,203.65659,1223.9094,366.49203,0.99916196,0.994138,2.0|
801.9506,198.57018,1230.7031,379.31464,0.9977863,0.99258476,2.0|570.02295,193.98358,641.6042,244.78851,0.89985466,0.95301765,2.0|
839.5651,213.12343,1243.1654,376.71088,0.9994442,0.9995117,2.0|570.3332,192.34692,635.6516,247.2896,0.9091837,0.8754728,2.0|
854.9174,211.40471,1236.3014,384.6273,0.9985669,0.9988525,2.0|570.7167,190.74391,635.5999,247.07962,0.9261527,0.9193526,2.0|
864.6727,221.38011,1225.182,379.72495,0.99676347,0.999228,2.0|572.8963,191.52193,638.5788,245.78877,0.9483471,0.9357733,2.0|
882.5303,209.1774,1228.877,375.43097,0.9990901,0.99953985,2.0|
923.05853,214.21596,1234.6038,383.9081,0.99713,0.99944097,2.0|
962.7318,211.2694,1248.7324,392.65942,0.9738758,0.9962901,2.0|582.1052,181.94746,647.6293,244.907,0.9177687,0.89233905,2.0|
584.34845,182.73447,667.5785,244.79787,0.97968644,0.9693934,2.0|1022.6311,278.59238,1234.1812,374.07803,0.85978824,0.99419796,2.0|
593.22205,181.38576,665.3429,245.5907,0.9560763,0.9816605,2.0|574.17267,191.2734,592.8485,208.4447,0.86741894,0.9978885,2.0|530.3507,192.54895,551.63605,211.81612,0.8676128,0.98900104,2.0|1118.9921,300.2194,1244.3104,381.08316,0.8065674,0.99189633,2.0|
602.65265,182.47455,672.2591,248.53644,0.88374424,0.69990367,2.0|603.183,179.44398,665.39325,244.74272,0.8680295,0.41681224,7.0|
547.7252,199.79092,571.1277,219.38568,0.8975594,0.97026145,2.0|606.35425,183.519,697.93365,254.27922,0.92473453,0.7653512,2.0|

628.6907,188.54147,716.424,260.45013,0.86670095,0.37704116,2.0|
638.3161,185.76407,730.6638,261.37732,0.962885,0.59451723,2.0|
647.655,183.25835,753.29816,263.11942,0.9689455,0.512991,2.0|
660.25995,184.40044,762.28314,266.74884,0.9155197,0.50357115,2.0|
665.94727,180.33144,771.2922,267.58087,0.9825136,0.44854778,2.0|
675.8913,180.7007,798.2008,273.47845,0.992011,0.8386662,2.0|
680.5959,178.05869,806.3154,277.44208,0.9618869,0.4945366,2.0|
682.17017,177.46005,818.2707,281.07822,0.94156003,0.67742234,2.0|
684.854,181.30705,820.73535,281.8588,0.9883613,0.8897222,2.0|
688.88306,181.02502,829.9373,290.69406,0.98956037,0.3823225,2.0|
692.49567,182.92856,838.0742,296.07214,0.9682971,0.5082299,2.0|
700.58923,179.70335,870.731,300.25958,0.9539005,0.84025455,2.0|
703.25793,173.11116,872.01196,304.95526,0.9911873,0.9157319,2.0|643.17755,189.66414,670.22974,215.23041,0.808235,0.82714415,2.0|
705.11,167.07425,883.85565,313.1991,0.99548316,0.8960771,2.0|
697.0929,166.6466,939.25934,336.6309,0.9876853,0.9746714,2.0|
706.6754,164.73068,965.79065,343.78668,0.9921854,0.9901433,2.0|
712.3971,163.51613,990.95264,346.4727,0.99773705,0.988998,2.0|
705.1817,163.69904,1024.2355,361.1319,0.99919873,0.9962406,2.0|597.392,191.0823,624.2116,212.93753,0.83976877,0.82606536,2.0|
740.06335,161.56091,1056.5393,373.2922,0.99914217,0.9983773,2.0|643.1703,192.87222,668.192,220.509,0.82667506,0.87518847,2.0|596.2602,190.12625,624.70374,214.5823,0.898701,0.7861362,2.0|
750.1817,166.59135,1155.8333,389.3952,0.99958533,0.9986908,2.0|
760.23566,168.58937,1215.7789,394.32935,0.9997962,0.9994025,2.0|
759.2025,168.02617,1249.8422,400.88574,0.9946966,0.98204684,2.0|
785.35547,162.32256,1249.346,395.45404,0.9707883,0.9476097,2.0|
816.7862,168.72977,1241.5696,398.73914,0.9618428,0.9243553,2.0|
859.44226,165.26918,1239.7451,391.07263,0.9965848,0.99820495,2.0|
884.0872,165.53401,1221.07,391.18484,0.9982534,0.9992611,2.0|
941.4936,202.79784,1232.8677,391.6174,0.9884576,0.9974246,2.0|






















470.1372,184.72794,509.1688,211.54327,0.8676575,0.96500546,2.0|

471.1983,185.8963,508.696,212.80513,0.9350796,0.9725054,2.0|
468.42276,187.63474,510.36325,213.53854,0.8949897,0.991927,2.0|
470.36038,188.08115,511.19336,212.4075,0.83830225,0.98810995,2.0|
474.6214,187.9048,510.8358,212.58731,0.8943447,0.98753136,2.0|
469.74188,189.42917,513.4841,214.90367,0.95051044,0.9902008,2.0|



487.13278,186.55537,524.9931,217.28798,0.86451834,0.96010983,2.0|
485.58142,189.88428,525.4247,221.40651,0.8794174,0.9048031,2.0|




566.08734,152.46939,616.6855,205.86816,0.8479091,0.7748812,2.0|



572.34595,156.44548,626.63434,208.78865,0.82434607,0.89614123,2.0|
571.90265,161.64369,628.9372,214.65973,0.8594965,0.8556389,2.0|
578.3165,162.25478,635.87244,218.7358,0.83693993,0.8175541,2.0|
176.48984,208.00685,330.9588,312.2516,0.95823956,0.9870661,2.0|579.8644,163.21005,638.1496,218.8075,0.89338005,0.87938946,2.0|
80.37732,207.75896,313.32318,331.2183,0.99157274,0.9992176,2.0|
2.2675283,203.62364,292.32977,348.17566,0.99160284,0.999181,2.0|586.0572,156.53537,647.23474,218.79483,0.88142663,0.6406895,2.0|
4.516247,197.67854,263.99567,361.1195,0.9922043,0.9995111,2.0|586.0926,149.82756,648.4197,214.60538,0.8601159,0.6683677,2.0|
-6.1935234,197.89838,243.90396,372.56433,0.99628866,0.99885964,2.0|
-7.8371367,194.21402,201.48526,372.6481,0.99096984,0.9992532,2.0|453.36234,169.51079,537.5626,232.84914,0.8740398,0.98456675,2.0|
592.4995,139.78471,658.6763,208.48303,0.83567786,0.7422282,2.0|
-1.4275615,186.63245,81.364044,384.03366,0.8121118,0.9519805,2.0|591.95026,134.99068,663.5645,209.36966,0.8302101,0.766813,2.0|
445.7294,171.81007,531.68365,236.3039,0.9712189,0.98497564,2.0|591.95026,144.9611,666.73535,213.34181,0.9638692,0.8092776,2.0|
593.55304,155.54018,666.60724,224.29004,0.96803635,0.9068658,2.0|
593.79065,157.88986,669.0601,233.89413,0.97128886,0.6909084,2.0|
425.38998,186.24225,520.3402,262.42136,0.8282976,0.9371411,2.0|592.31775,156.00371,671.78156,233.49457,0.9739062,0.7388188,2.0|594.7871,150.8803,666.19244,225.43195,0.9016405,0.50161576,7.0|
409.40164,182.91563,520.1549,262.5042,0.8706872,0.8685983,2.0|595.4705,150.24585,669.6699,228.25885,0.90839607,0.81946737,2.0|
404.7824,183.43382,518.9443,266.26813,0.88714397,0.95751,2.0|596.32263,151.44032,671.50446,227.83852,0.9767294,0.8083652,2.0|
380.09842,192.69064,506.57864,281.4944,0.97886705,0.96114945,2.0|595.0611,150.93474,676.2445,231.4825,0.9717534,0.6337548,2.0|
373.1495,191.06804,502.60623,282.68463,0.9351535,0.96538013,2.0|594.83997,152.0792,677.41925,234.97357,0.98687047,0.5385739,2.0|600.13,146.56822,673.6933,228.89452,0.9765736,0.50804585,7.0|
350.92136,186.86113,506.8707,289.13785,0.9687251,0.86561614,2.0|596.87,151.2486,683.98553,234.17203,0.9586912,0.6444163,2.0|602.29047,143.51845,683.91705,230.63588,0.89650536,0.39967823,7.0|602.2257,141.71469,676.7751,228.7004,0.8839489,0.38634476,5.0|
325.46524,182.68686,503.752,294.17224,0.9912277,0.82127815,2.0|598.286,140.6422,682.3548,229.57504,0.9734321,0.47268733,5.0|603.17926,141.56343,692.6934,230.91388,0.98313165,0.34815088,7.0|
310.53113,180.5208,497.44135,297.01938,0.99543446,0.9174086,2.0|340.59613,168.39128,400.706,190.30716,0.8774369,0.9827511,2.0|598.2861,144.671,689.6396,235.4048,0.94378006,0.62255996,2.0|
275.03,187.09442,489.76846,319.48575,0.99553263,0.8987136,2.0|597.5659,142.75969,692.1081,238.27226,0.99418795,0.72975945,2.0|
233.57713,191.65422,485.19882,336.91568,0.9963727,0.7151501,2.0|601.6368,141.02849,691.14435,234.181,0.98508924,0.51405203,5.0|598.6883,143.36533,701.3506,244.02066,0.98010033,0.38247606,2.0|
191.55806,191.65518,472.9433,349.41168,0.99670655,0.90971,2.0|599.1865,142.55212,710.6324,245.47765,0.93781084,0.46767625,7.0|598.48944,141.3982,709.7719,244.85297,0.9913851,0.39498943,2.0|602.5893,140.88237,706.69934,235.84975,0.9876528,0.2584311,5.0|
127.69557,185.05937,468.6076,368.95728,0.9949549,0.97449523,2.0|604.4443,136.51099,710.41345,239.26257,0.87810636,0.59235626,5.0|604.6821,142.1165,710.1321,244.2403,0.93478,0.41594717,2.0|
81.928375,176.46245,468.85788,387.4587,0.99974245,0.9940322,2.0|601.82935,131.206,718.25494,244.62132,0.92981184,0.622098,5.0|604.9637,143.14319,719.0393,243.8597,0.82842696,0.2830303,2.0|602.80414,137.78265,720.1783,248.12074,0.9864575,0.22699606,7.0|
15.063554,178.37059,456.69705,402.6011,0.9999119,0.9989793,2.0|609.163,135.58571,732.6394,246.50397,0.98842645,0.4266484,7.0|619.69006,138.08563,729.54553,251.94078,0.81661636,0.46525082,2.0|592.9538,130.77916,730.77783,244.14383,0.91302925,0.38809112,5.0|
3.1383722,177.74379,435.38904,402.05283,0.9999,0.99810374,2.0|612.54755,131.05386,737.24805,253.77596,0.9957912,0.5501153,7.0|
5.9546714,184.77802,391.07526,388.2959,0.9993093,0.9965119,2.0|607.9945,128.46503,757.0631,260.2409,0.99650574,0.63492423,7.0|
20.310358,200.68413,371.29202,388.00043,0.99948007,0.99793196,2.0|618.10944,133.6926,766.8354,273.3707,0.9946097,0.59691477,7.0|
18.498764,232.46986,361.581,385.77878,0.99859947,0.9977221,2.0|1010.3922,227.47581,1241.4979,374.4645,0.99349123,0.99914324,2.0|638.1792,133.51492,789.35223,278.8269,0.9987478,0.6195118,7.0|
3.3037372,238.53618,337.04865,394.76752,0.94004047,0.9779337,2.0|626.5013,128.9225,807.3888,284.47867,0.9969074,0.29570323,7.0|
649.73627,126.653534,834.65845,292.10464,0.99686664,0.47157913,7.0|
638.83185,116.895676,874.5565,311.51517,0.981575,0.689409,7.0|
633.91473,111.62588,928.64545,320.72885,0.99382555,0.7891921,6.0|674.8376,119.93675,911.64746,308.1565,0.9810775,0.35621142,7.0|
663.82764,93.91305,973.96783,327.56967,0.9984988,0.81339896,6.0|
683.7282,96.54454,1036.1963,340.4468,0.99499786,0.71206933,7.0|
729.4091,88.66906,1138.7957,370.59323,0.8831114,0.8867298,7.0|
742.10364,62.713318,1201.4021,382.31238,0.9992957,0.7511575,7.0|
681.9054,38.949173,1230.3036,379.34457,0.9865833,0.8526904,7.0|
775.0189,43.238346,1242.6377,388.65814,0.985707,0.82244265,5.0|
804.9961,21.339046,1237.9083,384.67767,0.9886684,0.86323935,6.0|
836.99,6.6859202,1228.549,400.0844,0.996612,0.9040824,7.0|
865.0633,-11.75034,1229.5342,401.63446,0.9926239,0.84232056,7.0|
872.28094,7.717622,1215.3134,370.4718,0.84480774,0.69567025,6.0|889.2387,-5.2846446,1229.7852,396.47177,0.9852747,0.37237257,7.0|








270.74915,159.62584,466.59546,266.99295,0.8542178,0.8894817,2.0|





435.00397,186.13937,459.58316,209.71843,0.84031093,0.98994595,2.0|53.163486,162.33717,369.74478,248.85397,0.8595548,0.943994,2.0|
703.23413,186.42378,767.86865,237.02498,0.897169,0.97372776,2.0|41.74116,160.44624,338.2443,254.1515,0.8312581,0.9709916,2.0|
708.90753,184.30165,783.6843,243.59271,0.9886452,0.97772026,2.0|49.91001,159.47758,324.0788,254.11777,0.93362814,0.9812107,2.0|
711.31146,182.84843,794.4488,245.381,0.9888775,0.98103255,2.0|18.753271,157.17165,320.6319,258.74,0.9378756,0.9936826,2.0|
718.1848,181.99477,808.66046,245.1917,0.9935814,0.9815269,2.0|16.4838,161.34225,276.75006,258.22607,0.9627458,0.9767786,2.0|
4.749027,166.29214,251.31999,264.36575,0.98821205,0.9939857,2.0|728.2752,180.46053,822.5449,248.3553,0.9915087,0.9827979,2.0|272.21872,171.7961,366.0371,232.58566,0.82810366,0.9661866,2.0|
7.036364,162.46217,227.61913,266.5574,0.9897714,0.9940545,2.0|737.37366,178.43681,837.424,253.14383,0.99496526,0.9787434,2.0|257.31726,170.59653,354.44598,233.04149,0.8021352,0.9197994,2.0|
748.982,177.92801,856.852,254.67519,0.99755055,0.9844997,2.0|2.8623345,169.79465,201.50002,270.35788,0.9853206,0.98291576,2.0|254.08507,171.2784,348.05197,226.47421,0.8474456,0.97550327,2.0|
754.1163,178.2301,889.1788,269.2518,0.99875796,0.99308866,2.0|2.3005483,164.10452,191.3073,284.6101,0.9644291,0.9613428,2.0|
767.0878,183.20714,908.04486,269.12186,0.99518,0.9972263,2.0|4.5658317,169.94728,155.13358,305.14975,0.96444327,0.99207664,2.0|404.18295,180.20708,440.70557,213.74028,0.8811363,0.97641855,2.0|
785.4738,185.18828,937.3161,278.962,0.99899656,0.9919552,2.0|404.0431,182.96725,442.85104,213.32584,0.8634958,0.9844098,2.0|
803.1746,187.67776,980.8958,288.21768,0.9994772,0.99637336,2.0|403.76587,185.82666,443.8203,222.02641,0.9627784,0.98679686,2.0|
820.46594,189.0056,1034.8976,288.68713,0.9990889,0.997045,2.0|403.19003,190.11151,447.78268,222.10632,0.86726993,0.9901092,2.0|
847.0949,186.40157,1082.4913,298.119,0.9993011,0.99345654,2.0|416.67023,186.42947,451.01825,215.13077,0.8865352,0.9873295,2.0|
863.2141,181.73079,1134.4084,306.6236,0.9992668,0.9973846,2.0|413.89767,179.3137,452.86182,215.01329,0.9545106,0.96878785,2.0|57.1291,166.70424,260.7145,255.18323,0.8081256,0.9258726,2.0|
901.11816,181.40237,1199.1101,326.56186,0.99881834,0.9963587,2.0|413.8044,176.20831,456.74197,211.22118,0.91155684,0.99055254,2.0|
944.9259,177.7283,1244.7672,336.9985,0.9988819,0.9987404,2.0|
998.5277,175.68916,1239.5845,352.1276,0.9987552,0.98983735,2.0|
1051.9443,183.06343,1240.3268,348.37985,0.9947772,0.99740666,2.0|-4.3997545,160.96826,166.73056,272.43057,0.92322075,0.97686327,2.0|
1140.7855,194.05533,1241.5856,376.7557,0.97762644,0.98786384,2.0|418.1631,179.05183,464.70035,214.5239,0.91697335,0.97934616,2.0|
420.06906,182.21327,470.51544,219.5569,0.9225635,0.9302886,2.0|
421.57703,188.90797,471.3928,226.5067,0.90996474,0.95203394,2.0|

1.1255401,209.22173,128.16304,375.71912,0.9806138,0.9928756,2.0|
422.07004,187.96867,479.6468,237.31137,0.92999583,0.96647435,2.0|
433.3395,181.64423,482.99295,227.01157,0.8896148,0.9743438,2.0|
429.5652,178.50009,485.3471,228.45886,0.948587,0.94580525,2.0|
427.7565,177.39314,490.82953,230.93118,0.9464377,0.9197942,2.0|
430.3113,174.64104,493.81888,231.64534,0.9036638,0.77323216,2.0|
421.75623,173.59386,496.05005,231.95363,0.94311285,0.9133783,2.0|
413.8859,174.35393,493.60483,232.42267,0.98959523,0.93664277,2.0|
411.88092,178.83913,495.27148,235.53763,0.96215767,0.87666214,2.0|
409.5409,179.03958,496.84787,240.42424,0.9630756,0.8845309,2.0|
406.08112,183.32707,495.79413,243.97818,0.95102173,0.90456825,2.0|
404.31827,184.59285,496.4317,244.04927,0.97077435,0.96969396,2.0|
398.1818,179.91702,496.2792,244.96956,0.9802215,0.98920655,2.0|
376.6712,179.84938,491.46414,251.94087,0.9727035,0.9825668,2.0|
374.7006,177.61684,488.7674,256.05905,0.9897272,0.9780653,2.0|
345.67496,182.89342,483.5993,274.42575,0.9771991,0.9668941,2.0|
340.77798,188.4774,475.25516,275.67807,0.99131376,0.9564776,2.0|
330.6347,191.06429,471.025,283.90457,0.99326044,0.9900615,2.0|430.42676,179.3581,495.0649,241.58446,0.9430182,0.96108365,2.0|
307.6199,196.48051,462.23434,295.65524,0.99799526,0.9886516,2.0|420.89532,177.538,498.33746,249.89241,0.885072,0.9779559,2.0|
287.57562,198.34222,467.1533,300.84857,0.9993894,0.99585587,2.0|415.05698,176.17763,493.9772,255.9919,0.95829314,0.96014243,2.0|
265.39313,198.14685,459.514,318.6694,0.9991598,0.9988632,2.0|412.22424,177.06099,493.83597,264.37866,0.9915748,0.9712856,2.0|
217.43095,199.61119,452.2542,335.43857,0.9997671,0.9988803,2.0|408.7505,179.12589,494.8498,269.9545,0.99826944,0.9784757,2.0|
152.61794,201.96289,430.59622,353.86545,0.9998288,0.9994417,2.0|390.25925,174.73184,489.55447,278.29477,0.9977271,0.99232966,2.0|
112.63955,203.10312,434.88913,368.8544,0.9998635,0.99772567,2.0|384.9399,176.61389,490.7002,283.62363,0.99799216,0.993786,2.0|
15.627512,200.7255,387.98822,379.96228,0.9999194,0.997024,2.0|367.9642,178.03183,485.04684,295.3734,0.96236473,0.9501649,2.0|
8.64925,204.69316,380.09055,392.23373,0.9998493,0.99877924,2.0|346.73706,183.071,478.50012,300.68872,0.99809927,0.99123764,2.0|
23.985699,218.50363,356.9198,388.75528,0.99972326,0.9969394,2.0|303.3956,180.99397,473.9389,312.99063,0.99959844,0.9958488,2.0|
5.7009525,224.65201,332.75528,383.25653,0.9994691,0.9979639,2.0|283.65628,182.02586,476.11758,326.36603,0.99851865,0.9800687,2.0|
-3.8201861,235.70076,292.39734,390.0405,0.99765044,0.99716693,2.0|223.66524,191.0173,458.77042,354.43616,0.9995813,0.9908041,2.0|
-5.1114764,254.62198,218.4192,387.66827,0.94364345,0.9959125,2.0|171.34096,185.40851,460.16287,373.71234,0.9958263,0.9268283,2.0|
87.573654,178.05568,467.66904,387.197,0.99987876,0.9587614,2.0|
7.5230026,179.17477,425.23483,379.8612,0.9999194,0.9902002,2.0|
1.9011161,181.04814,389.1463,387.61365,0.9999355,0.99871707,2.0|
13.979649,175.73096,369.27414,397.244,0.99966156,0.9975516,2.0|
1.4218732,179.01334,315.951,393.21393,0.99957675,0.9972824,2.0|
-0.41225877,186.16322,273.7846,395.05313,0.99893373,0.9937509,2.0|
-3.4876356,178.59941,179.70796,384.55777,0.94828933,0.9398179,2.0|

299.9112,215.28781,367.40085,284.1184,0.91698897,0.9947634,2.0|
267.52844,204.36461,341.51056,297.3502,0.9555221,0.9835976,2.0|
215.26823,207.32402,312.9299,304.65836,0.9775753,0.98937595,2.0|
146.24065,191.32506,276.20053,315.32285,0.9296509,0.947212,2.0|

6.9875927,201.57207,165.48886,370.83923,0.93537766,0.93020046,2.0|








































657.4685,-7.7317333,1217.7288,310.11453,0.9795492,0.9903611,6.0|

641.74963,178.80481,684.29553,218.06358,0.8022232,0.9879589,2.0|










650.9116,177.37457,720.946,231.33798,0.80925304,0.9161133,2.0|

679.61475,186.74359,735.9757,237.94937,0.84356344,0.9702865,2.0|
679.0845,187.2967,743.0476,241.50227,0.8927388,0.9805289,2.0|
690.4984,186.04005,748.0844,237.24866,0.84713143,0.9810621,2.0|



707.47504,177.4903,785.6378,235.49332,0.8123723,0.9869791,2.0|


721.33887,176.2501,819.4727,247.21587,0.98256314,0.9759099,2.0|
730.16144,178.96402,827.2884,246.32854,0.8769125,0.9711067,2.0|
735.36206,181.68164,845.5699,269.28864,0.8372898,0.84410584,2.0|




774.26697,180.55708,955.39813,304.34717,0.95439714,0.97645754,2.0|
773.8608,187.69478,987.556,323.7568,0.9572355,0.9904266,2.0|


803.59357,187.04399,1121.604,355.38806,0.99345857,0.99851876,2.0|
821.6397,190.74104,1190.3627,380.96487,0.99403715,0.99936897,2.0|
845.6771,195.43315,1234.8425,389.60944,0.99967504,0.99786514,2.0|
852.82336,208.87437,1243.2767,382.08496,0.9986767,0.99914753,2.0|
863.3508,217.5913,1235.4072,386.80106,0.99869174,0.9994979,2.0|
870.8198,213.40703,1235.3497,394.29166,0.9964185,0.99919695,2.0|
913.6306,223.4981,1246.102,401.59976,0.9980122,0.99842167,2.0|
959.913,250.94737,1239.8745,383.57343,0.9680615,0.97856563,2.0|





745.69354,209.89973,810.9621,279.07874,0.9323841,0.80151606,2.0|
745.16235,194.54211,824.9522,269.74023,0.95296925,0.9481739,2.0|

750.6862,176.4493,825.7065,253.25967,0.8769956,0.6917288,2.0|
754.6785,177.7691,831.05066,253.11357,0.9080181,0.82442963,2.0|
706.14905,155.5207,741.6587,194.07452,0.83846337,0.9504333,2.0|756.9413,175.43307,839.667,255.70822,0.89076304,0.44579983,2.0|
757.31793,176.48962,845.937,257.55878,0.98649514,0.778749,2.0|
763.1276,177.2071,856.43475,258.57666,0.99588746,0.96832085,2.0|
765.48895,168.92328,857.63666,260.00696,0.97706246,0.93998736,2.0|
770.5701,164.80115,867.25757,262.7709,0.98989,0.89102036,2.0|
777.414,164.99078,884.0012,264.96243,0.99378866,0.9244047,2.0|
781.92096,163.74063,891.61365,277.08148,0.9852669,0.93307,2.0|
786.9086,164.37445,907.7902,283.45306,0.99110246,0.96396196,2.0|734.7712,109.8451,771.3513,146.40918,0.8033063,0.9356096,2.0|
797.5169,165.87318,928.37024,298.6405,0.9925844,0.9114454,2.0|735.1448,109.63002,768.4205,146.22873,0.80533504,0.94223815,2.0|
801.11084,168.44157,960.78375,304.32095,0.99702865,0.9769108,2.0|
812.61285,165.97932,978.1577,309.8982,0.9979013,0.9943566,2.0|
813.24884,160.81468,999.94354,318.6955,0.9954407,0.9845078,2.0|
809.26965,161.95776,1018.9086,323.97717,0.9990971,0.9930027,2.0|
821.19434,156.33533,1067.1622,341.33588,0.99938667,0.99927336,2.0|
834.9596,159.32318,1086.1041,357.96802,0.99983215,0.9994624,2.0|
849.55536,160.69691,1145.2847,364.94482,0.99994385,0.9992939,2.0|
866.2792,161.52641,1232.4951,390.18454,0.9998393,0.9995546,2.0|
874.57715,171.51898,1226.496,407.96848,0.99969006,0.99967957,2.0|
876.0761,169.22379,1229.3157,401.09595,0.99977523,0.9994698,2.0|
888.8471,182.1901,1219.2279,399.81766,0.99925166,0.99718446,2.0|
901.4412,184.986,1217.2621,392.76648,0.99905413,0.9972699,2.0|
959.9531,206.61432,1231.7765,393.9966,0.9971717,0.99474275,2.0|
978.1481,226.9533,1244.0034,386.7011,0.9953419,0.9975574,2.0|






















































































































































880.10297,155.57883,918.7695,181.78197,0.83851767,0.8883826,2.0|





434.7251,193.25754,586.0759,285.78543,0.99315685,0.96516156,2.0|
335.61026,204.8365,533.96576,321.31808,0.9977658,0.9327884,2.0|
194.23474,207.47533,492.93872,364.26166,0.9944121,0.96823657,2.0|
31.675367,218.86206,424.51788,377.3175,0.9990502,0.9966389,2.0|731.92084,167.7261,762.40607,204.09482,0.88218135,0.88242346,2.0|
3.6110082,233.31953,274.32407,389.38266,0.99186486,0.99708074,2.0|

694.87915,167.79024,719.7224,198.244,0.8124165,0.6581266,2.0|
685.8813,162.23877,717.24927,200.33276,0.93625563,0.7781134,2.0|
683.8879,166.80388,716.41235,205.21674,0.8219463,0.6378551,2.0|




675.2993,171.89119,716.2628,215.57344,0.8005473,0.8686393,2.0|

674.54224,176.85696,717.3205,219.3965,0.8483363,0.81961244,2.0|
674.2836,172.383,716.86273,216.06705,0.8718021,0.92899144,2.0|
678.83496,166.89058,719.0525,219.08545,0.8502965,0.65678513,2.0|


680.9206,170.91557,731.6428,230.50966,0.8510996,0.4603342,7.0|

693.6544,166.02016,745.1587,237.00154,0.95261115,0.485238,2.0|
699.4495,166.35574,752.9041,237.38481,0.9731366,0.3204355,2.0|
695.49554,163.72456,763.73206,239.21065,0.97347295,0.3431841,5.0|
699.59973,165.523,767.86597,237.88083,0.9680863,0.5664831,5.0|

689.94037,187.78163,709.9379,210.8811,0.88222617,0.93076,2.0|712.1608,164.1138,786.40576,243.35342,0.951989,0.7925178,5.0|
709.4515,165.3441,795.82196,248.96245,0.9763747,0.7883562,5.0|
719.1797,156.54025,807.54065,257.33536,0.97049856,0.79930955,5.0|
692.1929,190.0614,721.64496,214.47916,0.8314021,0.98128027,2.0|724.3596,152.68637,818.4194,266.96808,0.95844424,0.693553,7.0|717.8366,163.85966,823.98846,263.05582,0.98553675,0.6709363,5.0|
728.3152,159.75198,841.88965,268.8779,0.96989876,0.72592425,7.0|
738.3552,151.46986,859.63245,280.63058,0.9655946,0.6287123,5.0|
737.39496,156.0323,889.371,281.1942,0.99112356,0.84920985,7.0|667.6645,188.81024,693.4773,206.6855,0.83906806,0.9966061,2.0|
755.7118,155.28127,936.62274,295.04596,0.98399067,0.76592433,5.0|
666.0696,190.67575,697.931,210.01614,0.89176655,0.9945103,2.0|767.70184,149.58417,986.3797,320.20148,0.9428726,0.4529853,7.0|767.97687,153.6731,984.79724,328.79425,0.8804341,0.4679168,2.0|
665.31195,189.3091,699.16376,210.22025,0.9049947,0.9891236,2.0|787.03485,136.17989,1076.6864,343.5646,0.9755289,0.6919292,7.0|
801.633,115.40773,1199.6493,370.29727,0.9988644,0.9509647,2.0|667.5204,190.62088,695.8208,208.55432,0.8489188,0.99288505,2.0|701.49866,188.58951,756.2901,223.88504,0.85499173,0.92761725,2.0|
663.7503,190.25726,700.0406,213.2058,0.9537073,0.99617106,2.0|825.6851,99.83966,1255.0947,384.80438,0.9974312,0.786852,2.0|703.81525,179.76831,762.6936,228.44365,0.8168633,0.823751,2.0|
663.00244,188.93773,699.6234,212.9701,0.9480889,0.9926327,2.0|872.8409,111.51585,1232.1615,376.17538,0.8775025,0.9173253,2.0|
663.24884,191.29327,701.1327,216.594,0.94864374,0.99238163,2.0|936.8134,121.70122,1235.9681,387.31915,0.98751974,0.8067753,2.0|929.3581,49.69767,1236.832,387.5928,0.98775,0.79643834,7.0|716.1355,187.01285,769.5431,235.99031,0.8125531,0.8127201,2.0|
660.84534,189.94873,700.5945,213.7199,0.9209368,0.9968021,2.0|1046.2491,179.06026,1241.2515,388.70877,0.9118345,0.9456707,2.0|711.5206,188.0857,784.60205,236.16588,0.85945797,0.9652855,2.0|
656.0647,187.75728,700.87305,217.01765,0.9441864,0.99254954,2.0|710.9293,186.62843,792.00824,241.19098,0.90644234,0.9000252,2.0|
716.01874,193.99638,797.3558,242.45729,0.9716438,0.9882604,2.0|657.0413,193.30544,700.5261,217.96259,0.9341286,0.9966723,2.0|
717.22565,189.8292,813.59467,248.6722,0.96684575,0.98423934,2.0|657.36847,194.60092,699.96075,219.87788,0.890931,0.9967746,2.0|
725.4652,189.07626,825.5557,253.90036,0.9891043,0.9935579,2.0|658.41534,192.22548,704.3867,219.99327,0.9484546,0.9951174,2.0|
732.26697,191.90202,843.3679,259.86462,0.97921205,0.99499005,2.0|657.88043,193.31369,705.8056,220.801,0.8525004,0.99441355,2.0|
748.68024,192.40775,871.81506,271.39905,0.99767524,0.9879369,2.0|659.9172,196.60484,706.10077,223.21915,0.9227272,0.9826099,2.0|
745.44196,198.62872,904.10004,278.49384,0.9960653,0.99669397,2.0|658.22034,192.64854,713.7372,221.92474,0.87469083,0.98340213,2.0|
762.70935,199.41771,942.5994,285.61078,0.9997149,0.99877816,2.0|659.4971,196.2913,711.3645,224.29561,0.85069203,0.9876802,2.0|
779.17126,201.68358,983.6173,302.467,0.99940026,0.9994696,2.0|
793.3555,204.36232,1038.9402,321.30197,0.9992787,0.9986625,2.0|672.8585,195.64865,722.10284,225.11922,0.83809364,0.99559104,2.0|638.85175,188.85213,671.8417,207.47556,0.8226529,0.99723357,2.0|
833.85614,209.38255,1157.1581,356.77542,0.9982015,0.99757034,2.0|
867.65826,209.73961,1234.7385,390.96,0.9999546,0.9989562,2.0|
925.6419,216.49135,1243.0819,388.67053,0.9984863,0.999579,2.0|641.6854,190.72052,676.91113,210.47096,0.8582479,0.99787843,2.0|677.0263,197.48927,733.5857,225.80156,0.8226249,0.99795014,2.0|
998.2888,212.39645,1244.5238,392.64832,0.9978728,0.99951947,2.0|









638.2596,191.71721,672.59064,211.3361,0.8580989,0.99369794,2.0|

641.5553,191.64128,679.55023,211.08138,0.81224847,0.99638003,2.0|

644.7946,190.55391,677.8798,212.78835,0.8946129,0.9966176,2.0|
















676.1597,193.96976,734.38947,222.01447,0.8032873,0.9913812,2.0|




623.53564,188.24484,645.29663,203.47824,0.87032163,0.99626297,2.0|




























641.9536,182.49976,675.7042,210.8556,0.91501844,0.98824626,2.0|

613.79785,185.36404,649.80865,212.42691,0.8954048,0.98510045,2.0|
590.2996,181.56998,634.9764,213.48679,0.9069348,0.97290444,2.0|
568.8043,183.90555,608.6579,214.87689,0.9185602,0.9870718,2.0|
538.79266,187.16238,582.7584,215.47745,0.9051503,0.98291886,2.0|

462.08795,184.52055,505.67337,216.40959,0.88756007,0.99192846,2.0|

366.17892,180.28647,416.95343,217.51532,0.88209975,0.95587206,2.0|






























































































484.12497,139.33089,579.76514,222.23401,0.9006904,0.60747254,7.0|











405.33026,126.7849,589.68915,243.66615,0.92468464,0.81191057,7.0|
407.46613,128.10857,601.6208,250.9105,0.8547892,0.9239759,7.0|
405.5444,124.56263,604.54974,246.9806,0.83772635,0.80626386,7.0|

350.706,120.42705,607.48517,259.28235,0.91131884,0.91173625,7.0|
351.46228,118.22139,606.4548,260.47955,0.9613776,0.8669327,7.0|
348.64136,119.48692,607.5195,262.13956,0.96350366,0.79707736,7.0|
336.09277,113.64903,617.40314,265.7448,0.958392,0.9247769,7.0|
331.2126,112.86892,622.0669,266.46405,0.9070514,0.8540613,7.0|
311.41614,117.63114,628.55664,268.90494,0.9753797,0.7796914,7.0|
302.78333,122.952644,624.6425,271.39487,0.85591054,0.8981602,7.0|
290.26288,123.38477,623.532,273.31073,0.94900465,0.79063106,7.0|
272.30093,126.97245,623.48804,272.15002,0.9661696,0.7874177,7.0|
239.44159,108.82787,630.1214,278.0948,0.9845478,0.712298,7.0|
204.86986,116.41221,621.86615,274.27878,0.9732678,0.60500056,2.0|
150.30086,96.388176,616.0064,283.58878,0.9405023,0.85282886,7.0|
132.0681,88.91609,629.28406,284.7398,0.90433395,0.83943254,7.0|
134.19487,94.24297,622.2425,288.75018,0.957775,0.8898295,7.0|
140.1613,91.56533,616.8122,291.2134,0.9850857,0.95348126,7.0|
112.68238,94.99642,606.7748,294.17337,0.9780974,0.9351389,7.0|
96.47094,93.500275,605.6084,300.46994,0.98807156,0.9622769,7.0|
92.79887,87.54572,603.55786,300.4248,0.99119604,0.91616714,7.0|
45.785378,64.70344,609.28986,305.31552,0.98745465,0.92194134,7.0|
30.38682,53.63944,602.6168,308.81143,0.9874142,0.94601595,7.0|
10.111897,27.680475,581.84534,319.70496,0.99437594,0.87643796,7.0|
2.8606677,16.950775,602.4381,332.307,0.9907851,0.5042612,7.0|-8.276716,32.350285,551.97314,318.20123,0.9117765,0.41922313,5.0|
0.71773905,14.362073,576.4792,332.17557,0.9896706,0.6470324,7.0|
0.9639981,10.696608,574.6224,335.425,0.98538566,0.75524694,7.0|
-4.396025,17.579262,578.6436,331.85397,0.95671064,0.6180495,7.0|
-12.773863,12.7332,582.43616,330.98782,0.9406492,0.7546335,2.0|
-9.457234,9.326786,575.47314,338.63403,0.95720905,0.6991512,2.0|
-6.3812413,0.95486486,561.48303,349.85522,0.8965488,0.71080935,2.0|
-0.32359812,-1.7891027,546.3044,351.2678,0.98520744,0.6936477,2.0|
-11.308136,15.627383,534.785,348.1125,0.9564376,0.76099366,7.0|
-12.942789,19.329628,532.4759,350.81625,0.9590478,0.5858221,7.0|
4.573634,14.85282,482.91934,366.7784,0.9667155,0.7862404,7.0|
11.040939,19.01791,476.3305,367.51413,0.97838324,0.7583575,7.0|
7.9549904,25.987553,448.25394,374.9432,0.9933148,0.8110116,7.0|
12.1834545,29.501621,436.17892,379.50433,0.99437594,0.65812653,2.0|
5.9892244,30.389118,414.77893,380.83215,0.99724436,0.7448957,7.0|12.196774,33.849747,355.5088,376.37225,0.9766297,0.57568353,2.0|
6.834653,73.20054,367.92255,374.72824,0.9982346,0.92602116,2.0|
1.3763615,71.73349,360.0251,373.83514,0.92516655,0.9866014,2.0|
2.5626323,80.64795,324.0325,374.25693,0.9977672,0.956777,2.0|
2.3919392,72.25459,286.11737,374.43594,0.99656266,0.9152625,2.0|











617.21387,190.0455,646.6992,218.69258,0.8175274,0.99107903,2.0|
637.4383,190.62224,719.3697,246.27113,0.88630944,0.97552097,2.0|
641.67737,194.57974,722.3845,246.97867,0.94862646,0.977457,2.0|

645.4494,191.8572,736.23364,249.83705,0.9749833,0.98477304,2.0|
657.53906,203.78705,740.0544,250.15742,0.9721071,0.9836457,2.0|635.5034,188.43794,671.4283,221.00967,0.85595816,0.99005497,2.0|
652.16724,193.62581,751.78015,251.6206,0.9912697,0.9715055,2.0|638.3005,188.41194,671.0674,222.1219,0.86234826,0.993005,2.0|
655.9979,199.89249,754.6344,254.31345,0.9885839,0.98314625,2.0|637.5072,188.53088,671.7171,221.15999,0.8378358,0.99417984,2.0|
659.6394,192.64345,768.30035,265.4879,0.9682662,0.93423724,2.0|
663.81915,199.31448,769.1888,275.07184,0.99461126,0.9780197,2.0|
671.56647,201.81128,795.9943,280.26553,0.9966329,0.9863473,2.0|
671.8045,206.43889,804.7828,285.7734,0.9966037,0.9901072,2.0|
682.33264,212.26048,813.73157,289.95517,0.8254224,0.94530463,2.0|
681.068,209.8215,828.268,297.47162,0.9733845,0.9824828,2.0|645.5425,195.01437,702.74915,242.47147,0.9052424,0.9788344,2.0|
681.5809,204.27216,850.15283,307.3104,0.9929409,0.9911972,2.0|647.8969,188.04906,720.8787,247.85959,0.9000047,0.992652,2.0|
693.5324,202.71576,876.4411,322.35522,0.963322,0.9634596,2.0|647.96454,177.64264,747.2237,252.75735,0.8287594,0.9847547,2.0|
694.6592,205.71686,916.10645,330.86346,0.9420582,0.9207123,2.0|655.0859,187.23294,755.35516,254.14285,0.84668034,0.98686975,2.0|
700.58575,214.49635,952.7296,354.3788,0.99584997,0.9931765,2.0|
725.5869,225.95442,1017.01135,374.64493,0.9099234,0.9434231,2.0|668.05444,185.50642,774.6475,263.46878,0.8740484,0.97957337,2.0|
744.1366,220.86633,1135.4362,379.71182,0.9993586,0.99749964,2.0|673.2748,178.24554,791.98663,266.906,0.9392031,0.94562423,2.0|
767.5764,209.66637,1161.8811,388.0363,0.9997284,0.9967609,2.0|686.35205,185.99371,813.1707,265.4941,0.96234554,0.9350207,2.0|
788.9623,213.15489,1227.8441,392.5064,0.9992867,0.99909997,2.0|686.9747,183.90186,840.9541,274.29587,0.9867725,0.9927765,2.0|
813.9166,226.69052,1226.5461,402.1607,0.9961612,0.9976623,2.0|704.85693,191.5162,864.954,284.00052,0.9937168,0.99565,2.0|
706.9258,189.08977,878.4472,288.41962,0.99899393,0.9982613,2.0|850.1336,220.64833,1229.1873,403.66232,0.81566113,0.9588734,2.0|
706.67554,184.63669,914.0342,304.8503,0.9994097,0.9986051,2.0|
712.7581,181.30919,957.4875,337.69385,0.9995671,0.9988674,2.0|
727.9616,186.38022,989.2463,355.08972,0.9997247,0.99938774,2.0|
753.3666,202.80856,1045.3177,371.51263,0.9996737,0.99913955,2.0|
766.07214,203.2725,1144.132,390.5955,0.9995766,0.999686,2.0|
772.1531,215.19125,1236.0457,399.1893,0.999962,0.99929535,2.0|
794.4862,220.87552,1243.2299,389.66833,0.99979013,0.99981016,2.0|
835.4876,223.66728,1254.431,397.45282,0.9959518,0.99863416,2.0|
883.8719,251.701,1228.4265,402.70276,0.93872815,0.9912124,2.0|
















13.054261,206.46101,255.26329,329.18478,0.8519753,0.99833727,2.0|
-3.4862165,204.83955,195.88797,357.98605,0.9589545,0.99441874,2.0|
2.6590137,222.24861,130.92418,370.5165,0.94009495,0.9969241,2.0|






550.4616,157.02495,574.24945,172.46274,0.81997406,0.9870588,2.0|




551.7538,153.26926,573.79895,169.02095,0.8660773,0.9784042,2.0|
548.78186,151.3932,570.70575,168.76314,0.9011844,0.9807535,2.0|




532.2085,152.68965,555.59375,171.91254,0.82596046,0.95180905,2.0|


524.4742,161.16977,549.7609,180.20763,0.84425324,0.9049644,2.0|
522.25287,166.80165,549.7368,185.97432,0.89911646,0.98424613,2.0|
517.8881,167.57352,545.95703,188.82144,0.82775956,0.9739338,2.0|
621.25793,180.10565,644.0096,195.91704,0.83639413,0.9817292,2.0|515.1998,162.58025,547.8125,186.09581,0.8514506,0.95353556,2.0|
511.7941,156.92097,546.3308,183.12907,0.8805474,0.8761909,2.0|




502.3468,166.91049,533.26056,188.00426,0.82170975,0.9794124,2.0|
501.50848,163.83813,534.1462,190.09593,0.8531932,0.9369664,2.0|
502.43762,166.0559,531.23114,189.6711,0.9062503,0.9753931,2.0|
497.6612,162.69373,532.7215,190.95166,0.95505595,0.9777933,2.0|
499.32,166.10925,531.55804,194.43665,0.93391985,0.94744563,2.0|
627.9039,170.77896,707.1764,220.56818,0.92570776,0.9606195,2.0|500.82245,171.00339,532.6702,197.0426,0.87516373,0.9503647,2.0|
498.4904,166.08302,533.7253,195.23259,0.9678698,0.98269,2.0|628.15955,170.86359,705.86566,217.85197,0.93486136,0.98243606,2.0|
497.10153,166.13496,532.1408,191.76414,0.92751807,0.9881058,2.0|625.98804,171.82251,700.55444,214.20735,0.8816843,0.9807411,2.0|
493.7236,163.621,531.0389,191.69603,0.9400929,0.974379,2.0|627.20294,166.35214,708.07104,215.3879,0.8469401,0.9898838,2.0|
490.5057,160.88701,531.6425,191.3599,0.9334564,0.93919015,2.0|629.9133,161.18266,716.30884,215.30966,0.8545436,0.9864,2.0|
490.76428,160.08272,528.28723,191.56741,0.98074293,0.98806286,2.0|627.2161,163.13309,714.53503,216.9755,0.969234,0.9860772,2.0|
624.16565,168.543,715.22266,217.41061,0.9678067,0.9847416,2.0|488.23062,162.77057,528.37366,193.12204,0.96668875,0.9744553,2.0|
624.14233,164.48238,712.5409,217.82625,0.9712387,0.98615986,2.0|486.8133,162.35443,526.51636,191.29825,0.96282387,0.9781172,2.0|
486.65768,162.0234,526.149,191.82318,0.9702105,0.9903921,2.0|623.4153,159.28181,716.6713,220.18448,0.97903925,0.9745812,2.0|
626.43835,163.53125,719.08435,219.84636,0.9645332,0.9837767,2.0|487.39536,162.99971,526.1034,192.43924,0.89151746,0.97332776,2.0|
621.2906,162.9922,716.8999,219.34009,0.9851221,0.97716284,2.0|481.26996,160.98254,520.2954,194.44124,0.8720806,0.9851688,2.0|
623.04626,159.83661,729.3767,222.04266,0.9876622,0.9765761,2.0|476.36414,162.49213,513.4289,194.96072,0.8315171,0.98148394,2.0|
625.4953,162.305,731.40265,221.28352,0.98137647,0.9766242,2.0|475.8198,163.23282,514.7944,196.98924,0.84941494,0.994005,2.0|
623.1693,163.42477,737.81793,220.54132,0.9829364,0.9787329,2.0|476.18985,165.4091,511.19595,197.16104,0.8298114,0.99331844,2.0|
622.1013,163.26227,736.3567,220.89957,0.9900767,0.9823438,2.0|476.7965,166.6853,511.9901,199.20287,0.96110314,0.9777334,2.0|
629.76587,167.19748,749.78674,229.0345,0.9967506,0.97633684,2.0|474.44983,167.80176,516.1423,201.58676,0.9332058,0.9921591,2.0|
630.8808,171.9197,750.9555,229.2179,0.9949004,0.97401285,2.0|
629.52386,171.63391,753.4026,231.43698,0.99063486,0.9839243,2.0|476.09528,173.97354,514.5163,211.8473,0.87855875,0.9812625,2.0|518.4385,139.45259,600.6951,208.19913,0.9350327,0.7005994,7.0|
627.9253,170.01974,755.9027,232.51044,0.99676704,0.9956357,2.0|476.23633,177.45528,517.2525,208.03381,0.89758945,0.97901386,2.0|517.3411,139.11752,604.5712,209.43777,0.9114172,0.6915892,7.0|
632.46234,170.30196,755.80273,233.49863,0.99616504,0.9883577,2.0|484.80145,177.88635,526.9848,210.97852,0.83316296,0.9936386,2.0|524.0094,140.74394,623.01245,214.1146,0.8419691,0.7298827,7.0|
635.63495,171.5623,771.7581,235.54213,0.9965904,0.9962291,2.0|480.12326,174.27332,518.99304,212.97258,0.8837429,0.9809807,2.0|527.0937,131.60524,622.8255,213.756,0.9565722,0.59212327,7.0|
644.4218,174.01514,781.58765,239.45335,0.99800473,0.99108315,2.0|481.03793,174.52919,528.56744,213.24443,0.9224437,0.9438699,2.0|529.1194,130.53267,644.0003,216.79842,0.98156357,0.8026743,5.0|
646.1115,172.35226,782.2463,239.95152,0.9978058,0.99630284,2.0|482.7135,173.83842,528.76794,211.5984,0.91615254,0.98412466,2.0|527.2149,127.294586,643.34076,216.89803,0.990854,0.5813911,7.0|
648.67377,171.10925,782.54016,242.46156,0.9972946,0.9929235,2.0|484.98868,175.51837,531.9458,213.60236,0.9730046,0.9832976,2.0|532.6416,127.130806,642.2133,218.15163,0.9559114,0.70337313,7.0|
644.70416,173.36821,787.25903,242.8635,0.99525344,0.9898645,2.0|486.29852,175.40881,530.99097,213.6391,0.96636003,0.9867229,2.0|531.24677,126.79432,642.96466,216.80208,0.9605481,0.62297136,7.0|514.83545,123.10869,664.4306,212.66888,0.81656784,0.6985426,5.0|
644.1369,173.00739,787.0288,244.21628,0.9931177,0.98977077,2.0|483.8705,174.71132,535.944,214.53633,0.9721262,0.98606366,2.0|523.67755,126.83134,650.6741,214.72331,0.9639058,0.6945993,5.0|
648.225,176.54776,794.02045,247.12527,0.9955647,0.98643064,2.0|480.09476,175.20975,536.7474,214.65312,0.98009413,0.97152454,2.0|525.84753,123.597984,644.80707,219.2686,0.98782444,0.75914824,5.0|
645.85834,178.22415,807.5323,249.22888,0.9748619,0.9934865,2.0|482.39017,178.52982,530.66455,214.80585,0.96142554,0.98715705,2.0|526.9556,129.6123,619.3877,216.98697,0.99282926,0.6940144,5.0|
650.8804,177.73032,808.8001,250.7783,0.9906494,0.99417144,2.0|481.4417,177.35913,536.4681,215.56784,0.9811204,0.98059446,2.0|528.54407,133.27946,622.79706,221.0134,0.83849365,0.6743772,7.0|
645.76483,180.43268,810.51385,254.83089,0.98544943,0.99808913,2.0|482.77518,181.1582,531.7892,216.5051,0.9845911,0.9878023,2.0|525.11505,131.73106,634.5445,225.0978,0.9904608,0.7971439,5.0|
644.3672,181.18462,811.5635,255.71497,0.9916431,0.9983773,2.0|480.66794,180.50565,531.36053,216.30862,0.98256886,0.9748053,2.0|522.87286,131.50214,631.1804,225.35924,0.86211354,0.7609167,5.0|
650.0736,183.80676,823.8771,253.66899,0.9967623,0.99941456,2.0|478.30206,179.95294,532.93604,217.08812,0.9616658,0.93970925,2.0|514.906,127.79157,644.1241,227.23949,0.9842642,0.90087295,5.0|
651.7442,183.45193,824.7879,256.43863,0.9951368,0.997174,2.0|476.92645,180.72887,532.4759,217.88205,0.9587376,0.94865084,2.0|516.3317,125.284615,628.3139,228.32722,0.9833719,0.8465641,5.0|
652.925,183.40182,820.3182,256.67743,0.99262035,0.99732447,2.0|478.0178,180.7153,531.3202,219.33528,0.91592777,0.97183335,2.0|515.56757,126.37318,632.28644,229.50471,0.987255,0.7328469,5.0|
651.8515,180.55922,824.5229,257.9552,0.9973182,0.9996086,2.0|477.03412,179.2076,532.67377,222.89906,0.93252313,0.9758637,2.0|512.4673,126.955505,636.6313,229.11676,0.99406946,0.73740715,5.0|
650.8199,182.43658,835.1693,258.72208,0.9985576,0.99846315,2.0|478.97845,181.70958,531.32574,218.99379,0.94916236,0.98337734,2.0|520.9653,130.12209,627.8507,229.12663,0.97224873,0.63210815,7.0|509.02405,128.00151,643.8307,229.5945,0.98954344,0.5957551,5.0|
649.67596,185.02122,835.55725,258.848,0.99901676,0.9986298,2.0|481.58475,183.38954,528.54535,218.43127,0.9624404,0.96943027,2.0|520.06934,131.24591,652.1208,231.4982,0.98839545,0.9240764,5.0|
651.4273,183.09116,847.0463,262.27792,0.99906427,0.99836284,2.0|517.4987,129.85252,639.55273,230.4408,0.99016017,0.92934376,5.0|482.77496,184.56854,528.1764,217.84637,0.93891317,0.95389086,2.0|
659.1471,184.42825,843.5118,263.3272,0.99891794,0.9950053,2.0|482.30682,184.43399,528.0298,218.9292,0.94554174,0.91206765,2.0|512.2167,130.21544,645.25586,231.03355,0.99635386,0.85029083,5.0|
661.11096,182.69942,852.6848,263.07675,0.9992436,0.99384487,2.0|481.6662,184.61702,527.56055,219.04332,0.93371576,0.910698,2.0|511.61053,126.96943,643.14905,233.32404,0.9966538,0.84989226,5.0|
659.1044,184.24426,854.9271,262.5544,0.9986749,0.9946445,2.0|512.05347,125.68405,642.98987,233.29979,0.9967722,0.9433738,5.0|482.4117,184.87967,527.9847,219.3929,0.9362787,0.92810446,2.0|
657.56116,185.63794,858.3655,262.55734,0.9991123,0.99712294,2.0|513.35144,127.61518,634.2395,233.69362,0.99250716,0.88367367,5.0|483.26074,184.95836,528.8946,220.31644,0.91402,0.9421753,2.0|
655.6324,189.47108,849.5372,265.59708,0.99913067,0.996606,2.0|482.73175,187.4645,527.6422,220.68718,0.9082941,0.9730276,2.0|511.17355,128.9514,631.3298,235.76862,0.9837075,0.8272247,5.0|
653.83575,194.55316,842.71265,266.3296,0.99801886,0.995887,2.0|485.83212,189.20976,524.74036,219.20262,0.8708518,0.97506285,2.0|507.1779,126.61151,644.79645,239.50584,0.9890149,0.81789887,5.0|
659.23315,188.20335,856.4821,265.73837,0.99935335,0.9974113,2.0|505.5984,131.00557,651.40216,241.81058,0.99773103,0.84972024,5.0|484.4628,189.64201,525.11487,219.3535,0.82548845,0.9814855,2.0|
657.2327,190.01227,847.5468,265.91284,0.99911004,0.997336,2.0|504.88388,125.096855,650.2523,239.22993,0.99802905,0.9240301,5.0|
659.121,189.11127,860.4271,265.26248,0.9988403,0.99568546,2.0|504.78714,124.729965,646.2199,238.48866,0.9967121,0.91055727,5.0|
652.75037,190.70639,869.534,267.4839,0.99868554,0.99655044,2.0|504.04367,124.29325,645.69403,239.3449,0.99753016,0.93559235,5.0|
651.50366,187.55121,875.9855,267.72754,0.9990422,0.99835217,2.0|501.8054,123.572815,649.07275,239.69887,0.9986792,0.9338379,5.0|
650.3896,186.91171,877.2223,268.28583,0.9988833,0.998184,2.0|499.7356,123.80059,650.4462,240.42447,0.9990815,0.9361482,5.0|
650.70685,189.1884,878.31195,270.05267,0.9982798,0.99666506,2.0|501.84918,123.09175,647.599,241.88405,0.99931,0.9430927,5.0|
650.3881,189.1676,880.02795,268.86102,0.9981572,0.9974095,2.0|499.23337,122.77548,650.751,242.11642,0.9992229,0.94224083,5.0|476.3747,190.43329,514.0041,225.35822,0.83259207,0.96401554,2.0|
650.7468,188.5012,879.745,267.63412,0.9976998,0.997101,2.0|498.2387,121.9555,651.8102,242.58916,0.99912006,0.94511414,5.0|475.79843,190.066,512.3738,225.15004,0.8599037,0.97330225,2.0|
651.6151,188.29054,878.3739,268.86517,0.9983924,0.99582714,2.0|496.6897,122.801704,651.6034,242.25012,0.99326986,0.828325,5.0|
654.0751,187.28989,875.23663,270.32657,0.9977464,0.99448746,2.0|497.35046,122.07194,649.8499,244.05174,0.994222,0.8593883,5.0|
653.48596,186.95654,875.9977,268.82153,0.9987997,0.9959298,2.0|499.6776,123.4134,659.2204,243.9424,0.9943457,0.62694347,7.0|487.68774,122.55618,642.8803,245.0183,0.99554163,0.46906567,5.0|
653.1192,186.30093,877.371,270.0996,0.9992454,0.99654776,2.0|496.27386,121.409996,648.1944,245.26852,0.9958762,0.64315397,5.0|
655.93176,189.46881,874.69305,271.39993,0.998953,0.9970228,2.0|484.8078,126.415146,654.2225,248.23152,0.99768436,0.84279144,5.0|
655.13715,189.8109,875.1139,272.4979,0.99801576,0.9920813,2.0|484.49167,121.19277,647.98737,248.08359,0.99550253,0.56887966,5.0|488.54932,129.40114,662.2238,250.60165,0.9976064,0.41545862,7.0|
654.3775,191.27872,874.6368,271.38098,0.9968598,0.9933716,2.0|486.90723,126.07521,664.65076,248.42654,0.9911272,0.6219868,5.0|
654.5673,191.66441,875.0884,272.37933,0.99618775,0.9922867,2.0|485.69565,120.54558,661.29175,247.34764,0.9935109,0.53129965,7.0|
651.66064,190.62956,879.5265,272.70428,0.9967602,0.9922631,2.0|488.6681,124.72505,648.913,250.75145,0.991222,0.5505135,7.0|
651.09393,191.48369,880.80383,271.84418,0.99633175,0.99538004,2.0|480.5056,127.39792,643.7675,250.55058,0.99488187,0.51735485,5.0|495.26654,123.06937,663.5829,246.44826,0.9805577,0.47109866,7.0|
651.47504,191.76328,887.1395,277.16238,0.99863476,0.99799925,2.0|478.53067,124.7652,655.30896,250.42181,0.99211085,0.7712544,5.0|
653.3216,191.563,884.9035,276.23816,0.998166,0.9969144,2.0|472.65906,126.57023,655.876,249.33139,0.99546534,0.67252773,5.0|
651.2242,191.97304,885.6953,277.48575,0.99889284,0.99736637,2.0|473.70395,124.105576,653.78,252.23488,0.99634403,0.84810823,5.0|
650.57196,193.13957,881.03534,279.26883,0.99855214,0.9965282,2.0|462.60025,127.1167,637.5238,250.42657,0.99589926,0.72798514,5.0|
651.9451,193.35912,885.61365,276.6402,0.99749905,0.99343526,2.0|460.1565,125.22599,637.3573,252.02483,0.922422,0.5765629,7.0|
650.743,194.15665,886.1807,275.7358,0.99795234,0.99587834,2.0|476.62872,122.839714,650.0147,251.4469,0.99692506,0.7988757,5.0|
652.3998,193.13782,884.15125,276.27948,0.9992052,0.9965198,2.0|470.347,123.71998,655.6026,251.86838,0.9982798,0.6666125,5.0|
652.3162,193.39502,878.30646,278.5116,0.998725,0.99818075,2.0|468.23788,120.475655,661.9574,249.69229,0.99850285,0.59956205,5.0|460.2205,128.6502,647.98206,257.73682,0.9763693,0.4849112,7.0|
652.7547,190.89264,885.0062,277.12958,0.99913186,0.99780494,2.0|460.6491,123.43371,634.08,253.82611,0.95418036,0.8152126,7.0|
655.4767,193.32733,885.7218,277.60397,0.9992544,0.9932395,2.0|459.12253,125.19996,639.2571,253.78412,0.98305964,0.6965808,7.0|
654.2509,192.0952,890.49536,277.84744,0.9994696,0.9977621,2.0|459.07874,123.597565,638.94354,254.70529,0.9980117,0.91837955,5.0|
651.69354,194.12286,890.2803,275.95334,0.99953496,0.99799204,2.0|456.735,122.22106,637.29865,256.3739,0.98046964,0.5876615,7.0|
651.0736,191.63478,894.9971,278.60034,0.9992679,0.99160063,2.0|451.77917,121.92937,635.94165,256.4608,0.9975471,0.7363042,5.0|
651.4492,190.34398,898.4343,279.68015,0.99939144,0.996179,2.0|452.81644,120.09871,637.08344,258.03818,0.9597615,0.7465049,7.0|
654.8159,193.1447,917.27966,281.196,0.998409,0.99593437,2.0|452.4199,118.620094,634.17145,258.96198,0.95597327,0.7490246,7.0|
654.0846,192.57411,923.60754,281.41772,0.99949265,0.9976872,2.0|452.9003,116.89694,627.5394,261.93237,0.9704884,0.6268126,7.0|
656.97266,192.62901,918.5625,281.4247,0.9994597,0.9966875,2.0|450.81757,117.994835,629.54785,261.56223,0.99800533,0.71822476,5.0|
651.5004,192.50705,899.54834,279.92172,0.9993894,0.99729,2.0|453.3969,109.62018,632.8442,260.58817,0.9985966,0.5544719,5.0|450.5156,117.89296,634.7207,269.7513,0.9728055,0.44014844,7.0|
653.1149,192.06924,921.08203,282.2008,0.9991357,0.99657035,2.0|451.5887,114.50462,638.30524,266.0668,0.9987457,0.77489364,7.0|
668.2864,189.80357,944.539,283.98398,0.9991893,0.99679404,2.0|440.31848,111.533195,624.5724,264.7705,0.9901646,0.8819943,7.0|
657.0403,191.37463,923.37866,284.29477,0.9985317,0.9997788,2.0|442.1776,112.6827,611.15436,266.45505,0.9991811,0.83763653,7.0|
657.10986,191.27931,927.87354,283.7702,0.9974159,0.99963236,2.0|439.089,110.41113,627.8737,266.15338,0.9972984,0.95124424,7.0|
673.3265,189.117,943.2498,285.26132,0.9975388,0.9995763,2.0|438.70038,108.78618,623.7007,266.3232,0.9990551,0.97212404,7.0|
670.0332,188.87178,948.25006,285.22003,0.99711275,0.9993782,2.0|438.68085,109.43306,614.39087,269.58636,0.99926156,0.9430889,7.0|
668.0555,190.17679,953.69525,284.2661,0.9992793,0.9971008,2.0|436.59277,107.19626,616.1336,271.8698,0.9994997,0.9052439,7.0|
669.1694,188.46179,952.0323,285.2975,0.9994388,0.99622995,2.0|433.81042,106.64457,617.7813,271.93512,0.9989736,0.89429855,7.0|
675.01904,189.52293,944.392,284.24643,0.99754745,0.99974316,2.0|429.22824,106.16584,622.3846,271.34003,0.9995906,0.95217806,7.0|
671.87683,188.7909,950.2069,285.3184,0.995643,0.99977833,2.0|428.38,103.54286,620.82837,274.40726,0.9988667,0.913534,7.0|
668.5405,188.04373,958.4366,286.9287,0.99153167,0.99906737,2.0|430.62997,102.64935,618.1834,276.23007,0.9979569,0.9274743,7.0|
666.9349,187.94572,960.31274,287.5513,0.9967962,0.99865013,2.0|431.00827,103.296104,617.9181,272.90768,0.99766904,0.91724294,7.0|
668.0425,187.18378,957.86383,288.5157,0.99772555,0.9978284,2.0|423.91254,99.733055,617.0331,273.67056,0.9976815,0.845131,7.0|
670.62726,186.21152,956.1099,288.64664,0.9979201,0.99799204,2.0|426.46866,98.56534,613.4621,274.2956,0.99477273,0.6891015,7.0|
671.33795,186.69461,956.3865,287.81415,0.99787223,0.9993129,2.0|427.04346,96.83741,614.01575,271.5925,0.99986386,0.78468585,7.0|
