690.7172,175.34209,917.888,320.79883,0.9997683,0.941585,2.0|
691.02423,181.12813,947.63324,345.1832,0.99436957,0.9530145,2.0|635.80383,188.46753,683.0995,220.18504,0.9328241,0.9795252,2.0|
718.35785,199.12917,1001.9622,367.30255,0.9996753,0.9971361,2.0|
736.56824,196.52536,1085.4833,384.47964,0.99990964,0.9755127,2.0|
761.1708,181.36205,1172.3805,379.77628,0.99981004,0.991512,2.0|629.4409,181.86118,698.6249,218.36267,0.8378838,0.9884686,2.0|
780.53735,182.75763,1228.9945,391.38507,0.999355,0.98713636,2.0|
790.98804,190.62079,1234.2792,378.77905,0.999405,0.9988042,2.0|647.0503,178.0961,702.53766,224.62807,0.80055827,0.97053146,2.0|
857.8546,202.87515,1236.1083,370.75403,0.999446,0.9982255,2.0|644.22095,177.57121,706.9305,227.98915,0.80778426,0.96559304,2.0|
913.67224,196.72104,1230.0573,398.8513,0.99503005,0.99841845,2.0|643.69073,181.48181,713.12726,232.54219,0.8216109,0.90805405,2.0|
1006.3932,217.55792,1238.6943,383.75815,0.971366,0.9861654,2.0|644.5335,181.15425,717.8926,234.4254,0.9226442,0.9676486,2.0|
649.0288,166.52019,720.7031,234.5477,0.8791211,0.7649832,2.0|
651.4266,170.483,728.5308,237.41498,0.9772484,0.68029386,2.0|
659.34143,177.49129,731.4217,238.40236,0.9946984,0.93945986,2.0|
661.9001,169.10138,741.7646,244.01784,0.9878549,0.86387384,2.0|
661.2594,178.9917,748.48083,247.39598,0.9431286,0.97531325,2.0|
668.1078,178.02882,758.2509,252.24535,0.97687006,0.9266097,2.0|
674.18835,189.87726,769.00336,255.34586,0.99486595,0.992493,2.0|
677.45685,190.35417,780.97906,259.96365,0.99829215,0.99294657,2.0|
682.4462,187.0311,796.0796,271.97092,0.9959025,0.99185985,2.0|
689.931,199.19598,814.33246,276.51514,0.9934255,0.9922376,2.0|
697.1354,198.47124,829.80054,288.49,0.98533523,0.9964373,2.0|
690.663,187.96484,850.7865,293.93683,0.9990958,0.9865562,2.0|
708.0831,193.84752,872.47504,307.99713,0.99938154,0.9868983,2.0|
714.6006,201.04257,911.0977,322.65552,0.997649,0.9787225,2.0|665.226,170.91138,751.43353,241.05731,0.8336541,0.8058619,2.0|
727.29333,201.07213,961.2807,344.64862,0.9927901,0.8869713,2.0|24.710268,206.66475,206.3318,287.2452,0.85818,0.81291324,2.0|665.41583,169.03256,749.1256,246.57831,0.94176716,0.72540075,2.0|
736.9352,200.76038,1018.5426,359.34583,0.9506614,0.89302844,2.0|673.914,170.69484,758.6017,250.57037,0.9424557,0.85561347,2.0|3.8478658,207.83975,188.52087,292.9256,0.97321725,0.818374,2.0|
5.054951,208.76741,154.79115,296.36993,0.9830587,0.9215904,2.0|678.94586,168.63795,767.95667,251.71223,0.9357464,0.88089556,2.0|729.65314,173.5196,1090.4663,379.75153,0.99046224,0.7066164,7.0|
681.05164,173.45132,774.39166,252.78564,0.9799681,0.9660168,2.0|-1.9979095,202.64137,133.4072,302.07056,0.93942165,0.9627127,2.0|765.5394,171.73447,1222.3989,392.27206,0.98610747,0.89338344,2.0|
686.4618,169.66032,788.3893,256.60532,0.99481106,0.8558989,2.0|775.2874,180.88846,1247.0632,409.21918,0.9184807,0.4666134,7.0|
687.22406,172.75711,799.01013,259.4298,0.99560946,0.9461686,2.0|799.3761,181.93777,1237.1755,399.37302,0.9813983,0.86335903,2.0|
694.89636,174.48526,831.529,269.57022,0.99456394,0.97289544,2.0|832.4655,213.36362,1235.1318,400.41806,0.9102096,0.8969962,2.0|
696.596,174.179,845.24365,278.48654,0.9984906,0.9901453,2.0|
712.4028,178.92702,867.6209,293.19098,0.99863714,0.9509837,2.0|958.25757,253.56201,1252.9343,385.2773,0.8313068,0.90970725,2.0|
726.96173,179.3123,891.8019,295.40823,0.9988856,0.9805705,2.0|
718.485,173.52548,914.10223,303.41235,0.9994597,0.9911963,2.0|
738.8158,170.24734,947.8655,314.5617,0.9996518,0.95214856,2.0|
736.9255,165.98717,983.4141,333.5531,0.9998951,0.95241225,2.0|
765.5312,169.24068,1041.1049,350.26364,0.99967444,0.986413,2.0|
791.6936,166.32114,1104.2545,365.58182,0.99987495,0.9958681,2.0|
805.5312,170.9067,1183.067,387.3606,0.99980146,0.9871563,2.0|
846.9807,177.65926,1236.46,393.54688,0.99989283,0.978452,2.0|
852.33936,175.00728,1246.097,398.53738,0.9937691,0.92876536,2.0|
865.4485,175.64442,1234.9374,393.37665,0.99394375,0.9820832,2.0|
891.67554,179.0623,1222.4872,388.9169,0.9990741,0.99843186,2.0|
964.92816,193.2726,1245.3779,388.0491,0.9936557,0.99025166,2.0|
1021.9684,197.86458,1237.3627,377.17874,0.98831767,0.99805814,2.0|









-2.1515949,208.15065,145.73148,300.19794,0.98623914,0.9879242,2.0|
2.6811557,208.12967,186.67528,302.82257,0.9912929,0.9984378,2.0|
-1.522968,198.01122,204.75557,305.22092,0.99862957,0.99843556,2.0|
18.836958,202.51538,261.9325,307.00873,0.99830806,0.9963444,2.0|735.685,160.12323,806.98376,187.99721,0.8600668,0.9821805,2.0|
-2.0766366,195.54518,295.19666,316.96765,0.9995277,0.998741,2.0|
9.030059,190.30115,365.56717,325.0899,0.9997228,0.998198,2.0|
-6.6275477,189.6707,408.3568,330.23465,0.99977237,0.99753404,2.0|716.0723,161.9473,792.6357,191.05153,0.82069963,0.8856354,2.0|
45.08308,193.36217,493.43643,334.5858,0.9999193,0.9998325,2.0|717.6817,158.94255,787.82825,190.04272,0.87527,0.89961237,2.0|
70.63951,189.10985,519.0289,339.59912,0.99990976,0.9987425,2.0|708.6814,157.39247,787.34454,190.60822,0.9080319,0.9829289,2.0|
159.12984,196.57169,600.3434,335.8109,0.99989533,0.99916434,2.0|
255.48227,184.73314,685.5164,347.24368,0.99991894,0.9985374,2.0|
322.08762,185.97829,749.2062,350.21713,0.9997372,0.9531513,2.0|
398.39172,187.77316,845.07135,348.76767,0.9995931,0.9888254,2.0|
461.93427,199.99026,913.07886,345.0402,0.9998053,0.99690694,2.0|
548.4243,190.08737,999.9894,354.53302,0.99966407,0.98860836,2.0|
635.8379,189.01755,1092.0688,355.5815,0.9998512,0.9962059,2.0|
714.9302,192.41968,1195.277,361.39746,0.99940264,0.99322987,2.0|641.6617,169.86401,719.3429,196.04317,0.8355934,0.9803838,2.0|
792.8878,194.71655,1246.2036,369.24722,0.9995378,0.9846586,2.0|
863.5254,197.87265,1234.0636,357.50845,0.993884,0.9914615,2.0|
924.6682,198.0566,1241.0215,360.01685,0.9823245,0.9803135,2.0|599.10443,166.84084,679.3194,199.88034,0.8301585,0.67480904,2.0|
991.2859,196.94662,1244.2178,370.68912,0.99308467,0.9768828,2.0|583.2676,163.88261,665.8167,199.29713,0.9374943,0.95685464,2.0|
1053.6287,201.66711,1239.604,336.8399,0.984666,0.9921963,2.0|
1115.1498,195.22127,1241.4316,341.60464,0.9873318,0.9905832,2.0|
1164.394,199.53816,1240.7869,336.35632,0.95198596,0.97739923,2.0|


467.70355,163.2543,552.5502,197.51546,0.8852141,0.8342142,2.0|
437.68265,162.69171,525.3997,197.4208,0.9183914,0.87609774,2.0|


343.45935,164.15814,434.4103,201.72931,0.93542385,0.9418583,2.0|
300.52893,163.06393,402.21152,203.28706,0.93630284,0.8885639,2.0|
267.78784,161.90596,361.66245,203.32735,0.85593736,0.71719944,2.0|
217.58385,162.19073,330.4593,202.11127,0.97251916,0.9341935,2.0|
1159.9551,205.33018,1243.3555,291.1528,0.89091444,0.98834723,2.0|164.62677,159.70073,290.41647,201.03189,0.97788936,0.81016403,2.0|
1125.6149,209.87051,1241.6001,289.95364,0.96524405,0.99032974,2.0|115.24265,158.31715,241.96703,198.79866,0.958417,0.97401446,2.0|
1083.1871,207.08495,1208.8228,282.98593,0.9547754,0.9901523,2.0|45.310936,155.66444,177.64198,198.93822,0.9523016,0.9697751,2.0|
1050.8652,207.23079,1163.6139,278.93655,0.98019654,0.9948041,2.0|1.5525429,154.47348,124.07724,198.9443,0.9794322,0.9731747,2.0|
1009.72015,207.56062,1107.8079,269.69662,0.98188007,0.99554306,2.0|
968.8651,209.04352,1056.1359,266.80194,0.99266714,0.9956275,2.0|
930.32495,207.00056,1009.8613,262.4154,0.99327844,0.992736,2.0|
893.44775,199.69025,961.5083,255.23528,0.8688035,0.98928297,2.0|




716.712,180.00711,770.4352,233.33815,0.93660444,0.95516855,2.0|
684.9224,173.27048,739.62994,230.84924,0.8819164,0.89543146,2.0|


613.311,170.75166,665.2981,229.82127,0.9658103,0.9604409,2.0|
594.248,171.7763,646.964,227.43454,0.80516124,0.91004944,2.0|

569.39935,168.98558,615.67773,228.11365,0.9074476,0.8697561,2.0|
557.8233,168.90096,606.94824,228.332,0.9502664,0.7680533,2.0|
548.3607,170.99118,597.1442,228.30017,0.9133423,0.83623976,2.0|

532.1214,174.65552,583.3694,231.21681,0.9707163,0.7784284,2.0|
530.47015,170.31866,576.79596,230.69588,0.9215708,0.6895405,2.0|
525.7395,172.09471,575.5931,227.3963,0.89780384,0.7244284,2.0|
523.75165,167.68199,569.7416,225.0866,0.8761497,0.8212097,2.0|
520.84216,161.52724,569.00854,215.38321,0.81760293,0.86032116,2.0|
519.7202,160.17235,564.52924,214.86594,0.8656864,0.57586884,2.0|
516.64813,166.71611,564.93365,215.7095,0.9493897,0.93098843,2.0|
512.4141,175.71248,562.67377,217.6033,0.84694713,0.71604645,2.0|

511.86124,171.05194,561.68317,228.60043,0.8492484,0.56582224,7.0|

134.04068,182.08772,260.02008,229.27943,0.89837915,0.97029287,2.0|




516.38666,178.62209,560.6147,221.34369,0.94594103,0.95808893,2.0|47.911976,186.36328,210.99896,241.68304,0.8096189,0.7990706,2.0|546.28925,165.85934,576.263,195.86441,0.866031,0.6174839,2.0|
516.1708,173.58539,565.10406,218.50359,0.94613695,0.9141301,2.0|545.8415,167.25534,575.1856,197.17676,0.8185595,0.75824875,2.0|
49.784256,193.22597,173.82538,245.14226,0.8336692,0.96311045,2.0|
19.630816,195.2305,153.80774,256.38037,0.92634594,0.9807961,2.0|518.50604,180.65796,562.4568,220.88245,0.94509834,0.93074846,2.0|548.6463,170.96992,581.3033,200.4487,0.8207306,0.8168766,2.0|
5.7186356,191.61794,137.74107,260.63464,0.94280493,0.98380697,2.0|519.81976,179.14037,564.2856,220.10669,0.8639386,0.91803044,2.0|
2.4411652,193.6029,121.284294,265.37924,0.9896584,0.98966706,2.0|519.0442,179.55,563.1852,217.12895,0.9592757,0.93868583,2.0|
-0.043048877,191.8249,95.48191,272.65515,0.97697043,0.9386895,2.0|517.7167,174.96344,566.18506,217.36597,0.90865296,0.93318444,2.0|
518.8964,175.00911,563.29395,219.00116,0.9773167,0.98607486,2.0|0.6565799,198.1683,72.01012,279.35443,0.9829554,0.9756368,2.0|560.7184,168.61884,592.1852,202.64519,0.90021497,0.9251742,2.0|
1.2431135,206.8951,43.01802,291.5858,0.92747724,0.9572241,2.0|
560.8734,165.97629,594.87177,206.12775,0.94257665,0.79501146,2.0|
514.32074,174.14973,565.93396,218.50023,0.9166179,0.92879695,2.0|560.5532,163.87332,596.3099,204.29509,0.93357915,0.8375337,2.0|
512.16644,175.30931,564.08154,217.51035,0.91716325,0.952845,2.0|565.586,163.1527,598.1755,203.36963,0.8686215,0.53015715,2.0|
512.53815,177.09317,561.484,218.2358,0.9806788,0.9654877,2.0|563.97217,162.9712,599.066,204.42557,0.96055746,0.61533403,2.0|
512.07367,175.49274,561.8842,217.82439,0.931552,0.8168663,2.0|564.4174,163.89381,602.36523,205.49281,0.95908725,0.5195574,7.0|
510.40396,178.80722,561.2083,216.1006,0.9089049,0.969448,2.0|563.34796,164.84444,604.1569,206.3204,0.95216924,0.7794572,2.0|
508.65106,174.01973,557.3509,216.7002,0.9663821,0.8469401,2.0|565.3179,163.3712,604.5817,207.55672,0.95740443,0.37563935,7.0|
505.3816,177.18208,557.5294,216.84167,0.98680985,0.9857615,2.0|563.97046,162.08427,609.33435,209.36499,0.9639235,0.7756771,2.0|
508.8455,175.4679,552.66113,216.0986,0.96654075,0.9562101,2.0|568.98376,162.35461,609.80066,209.79167,0.9613549,0.68496996,2.0|566.0572,159.7827,613.489,208.71391,0.8615003,0.5742073,7.0|
506.4144,175.01242,552.9288,216.31519,0.9803038,0.8908191,2.0|570.2207,162.99744,611.7367,211.90662,0.9534393,0.45118934,7.0|
509.0095,181.32753,555.99994,220.6614,0.98461795,0.9861466,2.0|847.74225,173.55052,1112.7323,272.01697,0.8703669,0.927968,2.0|570.20105,164.15204,616.10895,213.94534,0.8119824,0.69215745,7.0|
507.1916,180.63196,553.5988,219.33377,0.94646764,0.9485577,2.0|868.02783,173.79369,1138.7375,268.0622,0.83188784,0.9289858,2.0|568.0856,167.81982,618.044,218.23192,0.8894047,0.6760687,7.0|
506.1736,184.74861,552.49866,223.05782,0.9072631,0.93309116,2.0|566.6338,167.64735,623.73944,219.231,0.946654,0.759774,7.0|571.18634,168.44353,625.20355,219.94714,0.95831156,0.533248,2.0|
504.59586,181.57124,553.62085,219.18655,0.95250124,0.98674077,2.0|912.8083,183.12407,1241.7574,295.2222,0.88036376,0.99432594,2.0|570.0609,165.63635,625.40826,218.89046,0.9322083,0.78886276,2.0|
502.75974,183.81757,554.93335,220.31674,0.9107502,0.9897155,2.0|920.9532,173.27362,1233.2233,288.85492,0.8767843,0.9856926,2.0|570.6857,168.07141,629.18024,219.03871,0.9833777,0.7658731,2.0|573.50977,160.89975,627.3214,218.58804,0.89758253,0.663419,7.0|
964.6233,176.11118,1224.7695,312.41348,0.95288944,0.9909108,2.0|504.43985,183.98012,553.90765,222.23268,0.9553762,0.98722106,2.0|572.09546,165.18352,634.0516,223.71349,0.9878898,0.77120066,2.0|574.91284,160.06348,628.9265,219.71942,0.8706646,0.6203233,7.0|
969.85864,190.10236,1223.4547,321.7903,0.99262625,0.99047875,2.0|505.82837,187.13635,552.5029,222.44908,0.9410774,0.97920233,2.0|575.3646,161.09627,637.60364,225.23108,0.8514516,0.747102,7.0|
1012.9242,197.37807,1236.5472,333.07657,0.9927925,0.99096656,2.0|501.30917,181.67126,554.3262,220.45789,0.9627239,0.9790613,2.0|577.04694,163.3259,641.86676,225.31165,0.99047136,0.6584119,2.0|581.8292,159.85262,638.18134,219.68033,0.8229515,0.5801423,7.0|
1053.7538,209.07909,1241.8945,350.55234,0.9891282,0.973656,2.0|499.8958,179.96759,554.98193,223.7285,0.9609797,0.9712522,2.0|583.2634,161.58879,647.0456,224.51933,0.9964765,0.6380905,7.0|
502.80396,184.14703,553.04987,221.65308,0.9430113,0.94133794,2.0|584.2369,161.18019,652.7581,230.77768,0.9835487,0.7650681,7.0|
504.30405,190.70432,554.73914,230.42937,0.97084874,0.96288854,2.0|585.7171,169.45467,653.5406,234.74931,0.9933863,0.64558494,7.0|590.57117,169.01773,655.4397,234.5261,0.9451067,0.67099184,2.0|
506.29846,197.73296,555.7397,236.28932,0.80078906,0.95404506,2.0|596.0055,174.56183,664.73346,239.39307,0.99850464,0.64861596,2.0|
510.54938,195.52678,559.4418,233.3653,0.8846882,0.9877439,2.0|599.286,180.40791,671.20746,245.70328,0.99922454,0.8596402,2.0|
604.0834,177.93019,679.0913,245.39456,0.9976368,0.7106289,2.0|
604.89734,174.98926,687.7655,249.63155,0.9978447,0.773921,2.0|516.7179,192.21132,566.7962,229.03177,0.8144771,0.92861766,2.0|
517.5427,191.71152,570.583,231.73528,0.9317339,0.9661859,2.0|615.29675,170.88174,696.1755,242.78625,0.99726665,0.5357577,2.0|
620.53424,167.73026,709.9963,237.97583,0.99881196,0.67343783,2.0|
527.86194,182.98454,575.0385,218.87335,0.83683485,0.95903695,2.0|620.3291,161.64941,712.43555,237.74492,0.9801958,0.6158882,7.0|625.1366,162.33786,720.5294,236.59508,0.99886584,0.58739704,2.0|
632.9781,161.02211,728.715,236.1312,0.9994054,0.5021953,7.0|
527.60614,184.61206,582.29004,220.34085,0.92085946,0.98562914,2.0|640.8027,157.21954,742.1538,241.97437,0.99832124,0.76910484,2.0|
643.6451,165.48195,745.2082,248.96942,0.99808204,0.83296955,2.0|
647.8587,167.5799,769.0339,259.76294,0.99937135,0.72885984,2.0|
654.2238,166.08548,777.42303,261.41074,0.97979546,0.8262089,2.0|532.5276,193.86072,586.8906,229.02853,0.82440495,0.98163235,2.0|
535.3412,193.006,588.99786,228.5397,0.9064766,0.9622256,2.0|659.94275,165.12935,795.9801,266.5855,0.9352021,0.9164376,2.0|
666.59283,162.12878,805.43286,273.09485,0.99637693,0.91767746,2.0|
537.2018,183.86325,593.22626,222.81938,0.88321626,0.9864335,2.0|677.93604,150.26596,823.4143,269.46216,0.9971546,0.6986,2.0|
685.1803,144.3745,849.7401,277.58917,0.9958962,0.58461857,2.0|681.7018,145.1308,836.8515,270.9999,0.9978861,0.551403,7.0|
679.20593,146.02213,859.9835,275.9539,0.9987264,0.63995737,2.0|
534.9683,180.02167,595.3621,215.60553,0.8995007,0.98642504,2.0|699.0946,144.77516,881.88794,287.0347,0.99839157,0.8614194,2.0|
534.11487,179.14719,594.51624,215.96947,0.8898654,0.97100824,2.0|700.8613,142.35551,919.47815,297.85648,0.9987153,0.7991883,2.0|
699.051,143.12799,940.6115,310.11057,0.99943477,0.8278885,2.0|
715.09595,143.97533,979.22894,326.74872,0.9652294,0.8617929,2.0|
704.7152,145.03056,1028.3326,341.26697,0.99709857,0.99395317,2.0|
735.19543,140.53168,1077.0964,353.61646,0.9992939,0.99093974,2.0|531.31964,193.9566,585.5127,227.84521,0.91583747,0.9826422,2.0|
746.4543,145.76999,1154.2499,377.81784,0.9983708,0.9643417,2.0|528.9559,192.26945,585.05597,227.82346,0.9403174,0.9902711,2.0|
727.11456,145.709,1201.4956,380.84528,0.9985506,0.96476895,2.0|
753.13904,136.76534,1260.0314,397.4406,0.99823534,0.840314,2.0|
518.25256,188.86623,570.4221,227.9754,0.94028556,0.9710968,2.0|771.2591,132.43384,1253.8583,392.2826,0.99634856,0.6211299,2.0|
791.0127,106.14417,1247.2053,384.24133,0.9919378,0.92078537,7.0|
807.57227,107.37493,1230.776,385.73773,0.9930789,0.57121915,2.0|
853.1318,104.98251,1238.2587,391.4801,0.9914659,0.6825598,7.0|
866.2391,130.97986,1233.2789,392.99478,0.97474116,0.6570155,2.0|
489.0836,189.90372,539.56836,226.94048,0.803067,0.90764713,2.0|800.3987,132.73035,1241.9907,389.0298,0.9084534,0.70671725,7.0|







434.14447,188.3463,490.8672,227.37654,0.9286533,0.97780085,2.0|
429.97662,183.56146,485.74365,227.44751,0.9436655,0.95303595,2.0|


420.20908,176.8106,472.40186,227.72104,0.8286261,0.78911877,2.0|

423.70743,186.39548,471.96228,224.23274,0.9118509,0.962668,2.0|















534.51056,162.33963,615.417,211.87517,0.83088094,0.91948724,2.0|
547.3058,165.49515,629.3476,214.02556,0.95473695,0.9071781,2.0|
559.9447,166.0595,641.8128,209.27325,0.86687446,0.960012,2.0|
565.72784,158.04791,659.64624,203.20863,0.8976488,0.917191,2.0|
578.6885,155.4334,674.77716,200.58357,0.82951695,0.9233871,2.0|



































496.68265,201.8557,525.6099,219.19234,0.8335926,0.9837241,2.0|
497.27066,191.85394,528.35284,215.78133,0.92167395,0.8510956,2.0|
498.61234,190.53831,522.04565,210.49951,0.94287086,0.9860823,2.0|
502.43106,187.52585,531.2543,210.72556,0.9386933,0.96800274,2.0|

516.43097,189.53027,544.75305,211.45242,0.9508292,0.9657222,2.0|

522.74677,194.08437,545.6902,213.32724,0.9563027,0.9794118,2.0|
529.599,192.78452,555.42303,214.6849,0.8411926,0.8725911,2.0|

540.76337,190.16965,568.818,212.92207,0.89540565,0.8617031,2.0|
545.41614,189.16292,573.6811,211.8662,0.844405,0.9230132,2.0|
550.32135,187.61726,577.05115,212.4493,0.869687,0.9425166,2.0|
563.49756,188.67677,594.3315,215.10637,0.80123234,0.9030433,2.0|
566.6357,186.86746,596.28485,208.34988,0.8557834,0.9272802,2.0|
572.7813,189.40773,599.07495,208.96924,0.8606516,0.9478454,2.0|
574.8152,186.81366,601.1337,209.52258,0.8544027,0.94893175,2.0|
589.7865,186.59721,622.97736,212.39412,0.9192676,0.9392061,2.0|
587.984,188.61705,619.191,213.53972,0.88189626,0.8815239,2.0|
587.40155,189.21454,614.8271,211.95396,0.9339239,0.97544926,2.0|
589.70746,186.83423,619.3727,211.20142,0.9416312,0.94542515,2.0|
592.08453,184.23596,624.2412,211.4506,0.96575266,0.87924457,2.0|
594.6204,184.2789,627.14417,208.30565,0.8832662,0.9548996,2.0|
594.1537,183.23677,630.5992,207.42143,0.85934246,0.8960794,2.0|
595.49396,184.65019,629.89996,212.22888,0.9578041,0.9409758,2.0|
606.0355,184.25905,640.31067,212.16954,0.84108204,0.9323601,2.0|
610.4321,182.85977,644.26385,212.70808,0.96627074,0.91931623,2.0|
610.656,179.60959,646.16455,208.64336,0.93894595,0.9672211,2.0|

615.3484,172.71878,651.9367,202.80698,0.9445646,0.95916295,2.0|
620.0978,169.28647,654.0458,200.36818,0.9121217,0.8661958,2.0|

630.7115,170.92386,671.431,206.05452,0.86981654,0.55378336,2.0|
636.1677,175.99219,675.3268,215.67471,0.9270801,0.8963728,2.0|
642.9371,180.59267,683.55756,215.86172,0.8156168,0.91772515,2.0|
655.0874,178.46095,691.2243,214.1596,0.94110966,0.95025814,2.0|
658.7367,170.42296,702.1939,215.65889,0.9270348,0.93569314,2.0|
663.4982,173.97362,711.31586,213.26196,0.9699139,0.94884545,2.0|
674.69714,181.7043,711.8106,214.73752,0.90697527,0.9573536,2.0|
679.3088,181.67914,723.2739,219.92635,0.8644202,0.8656061,2.0|
682.8711,180.9415,730.1392,222.15968,0.9785568,0.9360337,2.0|
685.0077,176.59906,741.36957,217.41995,0.9698729,0.9815258,2.0|
690.00775,176.33632,744.39703,220.51602,0.92765635,0.9800284,2.0|
697.82526,172.23619,747.738,217.75954,0.9470487,0.9846987,2.0|
699.4944,169.41264,752.8283,218.87152,0.9160073,0.8481776,2.0|
703.59576,164.44742,756.7456,219.32326,0.9591422,0.9060525,2.0|
707.2932,176.74098,763.29584,220.74825,0.89967793,0.99537045,2.0|
709.5213,170.54216,772.5279,223.37086,0.9429579,0.93577,2.0|
709.4115,172.75902,774.09314,231.20096,0.98162544,0.915455,2.0|
711.9778,168.5537,778.56964,236.01726,0.98441076,0.80293316,2.0|
717.8255,173.03723,784.9543,236.40746,0.98976314,0.9275432,2.0|
719.7786,170.92198,790.73846,236.19498,0.9971053,0.9437235,2.0|
721.83435,167.37256,798.4419,237.1414,0.99597305,0.9363125,2.0|
721.2486,166.2448,805.46356,236.90817,0.99812967,0.97775954,2.0|
719.6183,173.37427,812.37256,244.63025,0.99945337,0.9775283,2.0|
725.7427,176.26694,823.21875,254.9434,0.9929275,0.9674982,2.0|
730.76184,179.17442,840.37134,273.44675,0.999806,0.99470973,2.0|
729.39465,171.14412,846.72205,275.43488,0.9989685,0.9579335,2.0|
732.92804,169.42494,861.98285,285.29672,0.9996381,0.98359644,2.0|
734.44226,167.80603,888.1005,287.3155,0.99955744,0.98864067,2.0|
728.49994,174.12552,907.58887,294.44046,0.9988005,0.97142506,2.0|
752.49554,166.05302,934.2465,309.35004,0.9979949,0.98686314,2.0|
748.87775,160.1735,970.5291,319.68274,0.9982608,0.9849915,2.0|
746.6993,154.9167,1009.3556,326.93814,0.99931693,0.9936196,2.0|
770.35394,158.37883,1066.6335,351.15128,0.99964,0.9976428,2.0|738.76575,189.07909,811.6412,267.74747,0.96194065,0.98617053,2.0|
771.7244,155.63054,1147.1548,378.79495,0.9994641,0.9986324,2.0|741.9742,194.14815,829.5587,269.5709,0.984467,0.9963457,2.0|
816.4991,150.27542,1228.6855,395.92874,0.99935836,0.9992467,2.0|739.1398,197.86377,837.60547,276.7455,0.99308383,0.9974414,2.0|
848.4056,149.41833,1238.7487,395.307,0.999114,0.99699485,2.0|741.0094,196.78413,861.456,280.32755,0.99552023,0.9941414,2.0|
746.01666,197.22063,879.8212,290.4463,0.9965706,0.9954868,2.0|869.00146,134.23296,1228.2615,393.59314,0.9816901,0.95010614,2.0|863.6456,23.821732,1237.8722,377.00797,0.86985344,0.6786023,7.0|
749.1687,200.80757,904.9277,303.16077,0.99824464,0.9976726,2.0|877.9854,171.58862,1227.069,396.86206,0.985128,0.9946514,2.0|
755.9733,201.21492,934.2052,321.49268,0.99851936,0.9993637,2.0|949.7884,196.06042,1235.239,388.789,0.99746644,0.99903727,2.0|
741.4066,211.70787,976.3547,339.22388,0.99875486,0.9984616,2.0|1010.26465,226.6126,1240.249,387.64636,0.89555365,0.9935235,2.0|
765.44525,209.84485,1022.925,354.33658,0.9979791,0.9976191,2.0|
769.67944,206.9859,1074.6963,368.36908,0.9990244,0.9989619,2.0|
782.30774,202.04015,1146.6853,389.36572,0.9996457,0.9977164,2.0|
811.7084,211.57642,1222.0061,395.70486,0.9998635,0.99653023,2.0|
826.2318,218.33853,1238.8157,390.75388,0.98759544,0.9898279,2.0|
861.45984,227.24895,1228.7094,390.89,0.9899997,0.9975853,2.0|
























































































691.763,183.19038,734.16626,221.47255,0.85383934,0.9632633,2.0|


1075.4795,163.13176,1239.1393,346.18472,0.965666,0.9750241,2.0|
1154.7167,171.32742,1240.2295,364.11182,0.85435975,0.9680715,2.0|
695.07294,177.70158,747.12976,228.09854,0.8003567,0.9319053,2.0|
695.2483,180.55511,747.1505,230.30832,0.8592752,0.91581607,2.0|

688.1832,179.39578,759.2075,233.314,0.85440457,0.804669,2.0|
687.6488,180.90804,763.06104,235.01309,0.95301396,0.97462463,2.0|
685.93494,178.22293,765.4647,238.01157,0.96108055,0.7867984,2.0|
689.849,177.38258,771.1349,240.84647,0.94135815,0.90798545,2.0|

690.2684,186.94908,779.5834,251.89728,0.8267471,0.6409313,2.0|
689.62946,182.698,789.3148,257.49872,0.91902155,0.6427691,2.0|
700.797,184.8966,796.2949,264.3364,0.98297924,0.9348133,2.0|
704.10626,186.20001,807.013,268.70966,0.98740816,0.92391384,2.0|
708.47656,181.40588,816.4411,271.28528,0.9929745,0.9828463,2.0|
712.3591,167.61554,829.9192,275.84943,0.99332833,0.96708137,2.0|
715.6918,167.56445,847.2079,285.6594,0.91305053,0.95290935,2.0|
716.22174,175.18404,861.7505,295.77484,0.99575186,0.9685222,2.0|
730.57837,176.42522,882.63824,302.02145,0.99776137,0.95781696,2.0|
720.15094,172.6546,911.1534,311.3944,0.98506826,0.9227655,2.0|
729.35004,172.25539,945.4988,328.74307,0.98086894,0.7286684,2.0|
713.1842,161.8971,991.85693,336.402,0.9837849,0.9662932,2.0|
700.99207,168.58264,1043.6644,356.78915,0.99977154,0.998645,2.0|
752.8219,170.18166,1146.5782,384.10654,0.9996189,0.9944999,2.0|
759.556,180.28969,1230.0754,398.91248,0.999705,0.99520016,2.0|
771.54987,185.44301,1252.0334,391.36893,0.9989635,0.996452,2.0|
800.30365,188.5342,1233.8839,396.52914,0.99913305,0.997062,2.0|
850.8926,177.58723,1243.285,399.84167,0.9979784,0.9883994,2.0|
881.09753,190.07805,1223.2603,390.5261,0.9870881,0.98637086,2.0|
























































































































































































































































































































































