741.8836,186.24716,964.8027,322.69675,0.9998882,0.96431243,2.0|
736.88995,185.14815,999.6627,343.14246,0.99863523,0.9907479,2.0|
759.7589,199.70227,1064.0851,362.2872,0.9998306,0.9901164,2.0|
769.492,185.64793,1155.8441,385.19348,0.99991953,0.96737784,2.0|
811.85223,182.93698,1227.2346,383.91034,0.9996464,0.94565576,2.0|
849.75757,189.32106,1241.1464,391.58234,0.999524,0.9685496,2.0|
871.3797,204.67677,1229.4991,382.89612,0.99919397,0.99512863,2.0|650.6093,168.81989,719.9572,228.26086,0.8550019,0.8998794,2.0|
926.01495,211.5895,1240.5779,385.4221,0.999466,0.99845743,2.0|649.61664,170.11334,722.1953,230.08806,0.96548516,0.88339233,2.0|
1001.58,206.09177,1239.5254,396.4055,0.99263,0.9784613,2.0|659.2625,169.93117,727.77625,232.9252,0.9051333,0.74774516,2.0|
666.7813,177.64806,736.2084,232.29099,0.99515706,0.93450195,2.0|
671.62695,171.02504,738.47894,233.99536,0.98020864,0.81182814,2.0|
659.9322,169.40218,746.11285,238.4689,0.99146163,0.68608254,2.0|
674.01825,177.43507,756.4323,241.2297,0.9946402,0.9745778,2.0|
678.3735,181.40701,763.7454,245.54866,0.997359,0.9701322,2.0|
684.5919,183.08682,773.241,246.17464,0.99143475,0.9894572,2.0|
687.80597,180.71376,784.0633,251.34122,0.96723616,0.9010966,2.0|
699.433,192.09834,796.715,255.17104,0.98709947,0.98604685,2.0|
707.1223,190.34196,815.90173,262.7893,0.995849,0.9842712,2.0|
711.71106,195.84816,824.87085,273.51288,0.996216,0.9952839,2.0|
710.8259,195.90118,852.14703,278.88403,0.9340527,0.97591704,2.0|
724.92694,195.5929,868.85126,285.6103,0.9816923,0.9882337,2.0|
730.74335,191.76065,896.39136,291.08865,0.9992519,0.99233115,2.0|
738.39087,199.35641,925.64856,306.1871,0.995291,0.96973354,2.0|
753.9998,207.18683,966.8431,319.5663,0.9954522,0.9883619,2.0|684.61847,172.31552,768.3013,244.06772,0.98233783,0.7863635,2.0|
765.8552,208.36656,1021.96674,341.98453,0.99189395,0.97421783,2.0|681.636,173.1688,770.18164,253.06094,0.98546475,0.9315209,2.0|
687.78436,173.96593,788.59753,251.16917,0.9560797,0.9784461,2.0|18.029173,209.27794,207.69992,288.48398,0.9652666,0.9308,2.0|784.88715,212.94777,1083.4083,358.78763,0.944247,0.9202971,2.0|758.8267,186.61041,1099.0763,350.02777,0.98386836,0.585199,7.0|
695.2592,173.9413,796.6951,253.32121,0.9900663,0.988489,2.0|795.4963,202.98203,1171.2241,377.00763,0.99906534,0.9729163,2.0|-0.9320956,209.95332,193.45512,300.53818,0.98273635,0.93785864,2.0|
705.32007,170.70522,816.5556,253.21985,0.98356307,0.96952796,2.0|815.1905,187.90002,1238.1372,393.57538,0.99828583,0.9518366,2.0|5.68843,210.12598,158.51727,302.6507,0.9939468,0.9169176,2.0|
708.37274,170.36592,820.8544,257.60843,0.97723854,0.96201915,2.0|-5.0611877,209.49712,128.02948,314.28705,0.96390903,0.9486638,2.0|830.9918,197.50703,1233.8638,401.11877,0.892437,0.70096856,2.0|
716.393,171.56244,843.7899,257.7333,0.9977186,0.98398685,2.0|881.5803,199.88684,1239.6417,407.79694,0.83439934,0.9512935,2.0|
724.4346,172.25826,860.03973,267.88174,0.9913686,0.9901003,2.0|922.8027,231.89221,1236.2983,393.73572,0.978007,0.99321777,2.0|
733.70374,174.14641,882.53986,279.0184,0.9993292,0.99499375,2.0|973.56885,236.61707,1249.048,385.3602,0.8428034,0.8984259,2.0|
732.93115,179.78699,904.1665,286.92984,0.9998399,0.98542494,2.0|
748.82385,179.16208,929.8384,294.05637,0.99521554,0.98033845,2.0|
756.4517,173.3456,964.0676,305.12418,0.9989188,0.9759169,2.0|
772.97284,167.40254,995.88403,316.469,0.9990927,0.93762064,2.0|
781.9982,167.44284,1042.6833,334.73465,0.99989617,0.99405473,2.0|
809.6595,168.03754,1097.0697,348.2331,0.9981659,0.98049325,2.0|
828.67706,172.99527,1186.3993,364.15707,0.9998679,0.9946248,2.0|
863.38715,175.94745,1231.7823,395.4007,0.99989474,0.9395344,2.0|
871.2119,177.44281,1235.0759,399.67773,0.9997029,0.95996314,2.0|
888.4845,179.66502,1225.1661,399.0737,0.9994506,0.98817444,2.0|
932.8618,178.33363,1244.5696,399.27933,0.9980872,0.99793917,2.0|
988.84564,186.5708,1238.5044,388.35593,0.9979151,0.9967642,2.0|
1046.4303,181.27283,1240.2236,391.02866,0.9941876,0.99376124,2.0|






-2.77615,213.89374,58.110302,288.34085,0.8173955,0.98650986,2.0|


-1.3570831,213.59262,145.75406,298.3003,0.95338696,0.9770766,2.0|
3.5526838,199.30795,182.836,301.81335,0.9912177,0.9912135,2.0|
1.9984664,199.87068,198.8644,306.23062,0.9969693,0.9958508,2.0|
9.7611,201.38422,248.16684,307.22232,0.9977678,0.99834013,2.0|
-3.5148656,198.39648,293.80405,315.48257,0.9973109,0.9950948,2.0|
-6.278678,192.02328,324.02332,327.1255,0.999537,0.9963858,2.0|735.6105,161.48727,815.2419,193.4939,0.856622,0.9737819,2.0|
-1.0273442,191.02805,390.3368,327.13495,0.99969304,0.9986499,2.0|
13.302428,198.17708,459.9326,327.4206,0.99991584,0.99901366,2.0|
74.86607,194.65327,504.854,332.9679,0.9999063,0.9993358,2.0|
153.03226,194.60278,576.6975,335.77402,0.99993837,0.998637,2.0|
207.22412,202.94698,642.54565,336.2702,0.999956,0.99980754,2.0|
289.71564,192.98839,696.8714,344.84982,0.999881,0.9963701,2.0|704.1779,161.23668,788.9982,190.74655,0.82359964,0.97887385,2.0|
372.26743,192.27037,792.22656,349.5692,0.99938583,0.9638333,2.0|
455.03445,199.386,884.7297,344.96954,0.9988323,0.9941679,2.0|
549.62317,198.56139,974.85004,345.551,0.9996166,0.9915446,2.0|
621.1122,188.71277,1089.5679,355.21173,0.9999087,0.9957709,2.0|
690.04724,191.65953,1193.8177,353.81546,0.99976856,0.9928148,2.0|
719.45557,192.12994,1218.2336,362.61084,0.99978787,0.9973347,2.0|
824.81323,192.06407,1229.6349,370.39014,0.9892616,0.97513604,2.0|
911.7736,197.33656,1238.076,359.07626,0.99696237,0.9955253,2.0|
971.53784,202.39064,1245.5564,367.0541,0.93750614,0.89932436,2.0|

1108.9996,193.73091,1237.2637,336.48776,0.98267853,0.97492605,2.0|
1162.4454,188.09343,1240.1979,340.17432,0.98415434,0.9766286,2.0|


496.785,165.69206,575.16364,199.50096,0.876232,0.6145085,2.0|
476.63052,163.18097,555.8377,198.4737,0.89959055,0.76414883,2.0|
445.35114,163.61838,532.0407,198.36703,0.85570186,0.68271255,2.0|


349.023,167.17764,446.8436,203.75525,0.88728267,0.8520303,2.0|


230.6494,160.56845,339.00974,201.49477,0.97767526,0.958173,2.0|
181.30972,161.00085,296.88,201.60173,0.97181004,0.95145255,2.0|
127.92682,158.34943,250.98888,200.63605,0.9824309,0.96675825,2.0|1152.2415,209.29237,1241.4924,288.07755,0.8766118,0.9715617,2.0|
1108.3654,207.00835,1230.068,283.03455,0.9711283,0.9880922,2.0|66.80331,154.8694,195.817,200.42508,0.9590821,0.9563471,2.0|
1073.6399,208.83354,1183.5804,277.93723,0.97540617,0.9929415,2.0|9.130843,155.04028,133.78499,199.29779,0.98151475,0.9804663,2.0|
1033.285,209.11234,1126.3828,268.3936,0.9661239,0.9871876,2.0|
990.1651,209.28323,1075.5739,266.84622,0.98619914,0.9906335,2.0|
951.3962,206.5799,1029.5974,259.68784,0.991561,0.993276,2.0|
912.2623,199.20305,982.9688,255.4071,0.90717673,0.98349565,2.0|

834.8749,193.57954,896.4006,247.88895,0.86398387,0.98760134,2.0|
798.6448,193.6776,859.9912,244.77956,0.89661396,0.98923814,2.0|

729.01715,179.1456,786.5449,234.20967,0.9269781,0.96716624,2.0|
700.4458,177.3697,753.77747,233.80019,0.8080747,0.79909617,2.0|

647.62366,181.41212,702.9011,233.45337,0.8509912,0.8871008,2.0|
625.4223,176.47073,681.3763,232.0013,0.9350608,0.89898133,2.0|
606.95825,173.29173,660.5755,228.5613,0.90503937,0.8321235,2.0|

579.92566,175.83032,634.162,229.58957,0.83137137,0.7343207,2.0|
570.5506,170.78647,622.6767,228.84027,0.9035385,0.8432945,2.0|
560.7816,173.33917,610.3436,229.52739,0.8973516,0.6967538,2.0|
551.77026,176.26863,602.34015,229.826,0.9117641,0.44167134,2.0|
544.29517,176.48521,597.9802,230.26982,0.9278448,0.87693745,2.0|

535.43225,173.39474,586.63666,229.99683,0.91211516,0.52318865,2.0|
536.2392,163.40784,584.2878,224.66553,0.86701494,0.47298563,2.0|
535.2987,157.84602,581.98975,217.24965,0.92596155,0.33087197,7.0|
533.3365,156.93277,578.4061,215.76495,0.89250374,0.55428326,2.0|
533.92395,158.50429,573.7328,218.30931,0.9625876,0.42910615,7.0|
529.9625,158.366,575.89716,223.68492,0.9325607,0.6938311,7.0|
530.0382,170.72575,576.1443,226.82649,0.8787513,0.47153938,7.0|
530.1074,169.10695,576.75757,226.5377,0.9155123,0.44781822,7.0|
528.1832,164.2057,575.4441,225.8611,0.9573216,0.6230196,7.0|
530.947,159.35713,575.4558,221.41843,0.9348725,0.41511676,7.0|
530.25934,152.71,574.7457,218.61365,0.9668173,0.4700302,7.0|
530.6727,160.78262,577.63654,221.73244,0.9629354,0.70764315,7.0|
528.9905,166.2571,579.7072,223.15186,0.926671,0.6162194,7.0|
528.6138,168.31625,581.14514,222.70195,0.93693167,0.6230595,7.0|


56.801693,192.52055,200.23514,248.2146,0.90737134,0.95126635,2.0|535.45795,178.13872,578.35657,219.1985,0.83743566,0.9419394,2.0|
75.08764,196.32663,181.8708,255.18039,0.8994906,0.9924304,2.0|536.8898,179.69789,580.89886,219.44653,0.8252686,0.9532726,2.0|
27.267857,195.75516,166.67023,261.52472,0.93790895,0.98008966,2.0|535.04474,178.97905,580.84924,217.62851,0.8896096,0.9510017,2.0|
0.54309094,194.76852,144.3294,262.53937,0.9181551,0.9798196,2.0|532.9788,178.86476,576.28265,216.29207,0.89384836,0.9135295,2.0|
-1.9453942,195.30833,128.09308,270.15082,0.9592662,0.9708565,2.0|564.74274,166.48605,595.4682,198.58699,0.8169334,0.61577356,2.0|
-0.9146929,200.22289,97.961464,285.549,0.97082967,0.8101362,2.0|568.56824,164.14043,599.43976,203.90509,0.96998894,0.42727727,2.0|
1.3084528,204.571,72.99643,291.05188,0.9465007,0.94501776,2.0|567.4675,167.21506,600.5088,204.25327,0.96311694,0.34973073,2.0|
1.0523933,203.49783,41.390434,304.7147,0.9216001,0.9557651,2.0|568.247,163.7542,602.71454,203.01404,0.84766364,0.61254513,2.0|
524.44336,177.31404,581.1475,222.28299,0.9608073,0.97851515,2.0|570.4319,164.49716,604.2195,202.17758,0.93235046,0.49832976,2.0|
525.6771,178.51512,579.0212,219.51735,0.97464687,0.9736232,2.0|572.92377,165.64922,606.6318,201.88202,0.9105044,0.5890288,2.0|
527.7296,177.40608,577.07605,218.9115,0.92869216,0.9435279,2.0|575.33435,164.10457,607.4183,203.27519,0.8513044,0.5142189,2.0|
523.93524,176.93695,580.53345,223.50005,0.82278675,0.7424208,2.0|573.589,164.3368,611.6988,204.70975,0.90768236,0.41692087,7.0|

520.6005,177.2692,571.4824,218.82669,0.96900934,0.9403137,2.0|578.46075,163.88675,620.79034,209.14734,0.8328296,0.35311943,7.0|
521.0106,176.62477,571.3367,217.4302,0.9732271,0.96754164,2.0|573.5218,159.40553,621.6104,210.9816,0.8084632,0.5875852,7.0|
521.12897,175.28471,568.08014,219.0348,0.95101416,0.9003745,2.0|577.60583,163.44807,623.5643,209.70665,0.9124299,0.35944778,7.0|
518.6524,179.44926,569.89954,218.55252,0.98810834,0.96578383,2.0|579.58105,162.41682,625.2443,212.25943,0.8657176,0.7740579,7.0|
520.8874,179.26901,567.3782,222.51036,0.98721015,0.91392094,2.0|871.39624,173.5289,1131.8784,269.8477,0.92278534,0.8567178,2.0|582.8721,161.30537,627.1134,216.82703,0.9324534,0.7414072,7.0|
521.94617,187.01682,561.59515,220.16774,0.95179963,0.9840656,2.0|901.92096,174.19557,1191.007,275.4448,0.93903047,0.9708439,2.0|584.38513,167.52614,628.6378,215.55634,0.92496395,0.8491882,2.0|
519.905,186.82672,563.2432,221.16225,0.95758986,0.98089164,2.0|921.1856,178.65521,1237.9014,298.39505,0.85146743,0.98658425,2.0|584.3917,165.61398,634.4645,216.84549,0.8393543,0.6836029,7.0|587.3079,171.71704,632.0876,217.15962,0.88593096,0.6236032,2.0|
521.7176,186.04515,562.19855,218.76782,0.93246686,0.97912973,2.0|925.1277,177.81206,1236.4873,294.83264,0.9137342,0.9891747,2.0|580.54456,165.06006,639.40643,217.90456,0.9683896,0.6772536,7.0|
516.2616,184.70068,564.8883,221.65895,0.9593453,0.99147886,2.0|980.29895,173.64014,1225.4414,303.81158,0.9212022,0.9897196,2.0|584.2743,164.3307,643.93445,218.79277,0.97093314,0.81587166,7.0|
988.64417,170.35077,1235.0175,312.08035,0.98221225,0.9708447,2.0|516.41766,184.51906,565.6102,223.3145,0.9246861,0.9849005,2.0|586.141,163.22658,646.9512,221.38611,0.9020968,0.77187705,7.0|593.3121,165.71805,650.22723,222.89276,0.8149637,0.7441954,2.0|
1016.36816,201.82684,1228.1792,319.57788,0.99564457,0.99227035,2.0|516.4821,184.05348,566.5389,221.66353,0.9406946,0.9856694,2.0|585.98755,165.0222,649.95624,223.36005,0.99414045,0.7347977,7.0|590.9573,163.6679,653.4198,225.54898,0.9833273,0.65590227,2.0|
1054.7073,202.05357,1238.681,335.76828,0.9847329,0.97408855,2.0|513.5979,181.49915,568.39087,220.38464,0.9332709,0.98864937,2.0|585.54175,164.21722,651.82477,222.00041,0.85998195,0.8214472,7.0|592.1474,161.93983,655.6163,223.14276,0.9869239,0.6819568,2.0|
516.186,182.3246,566.72345,222.69675,0.94694084,0.98486626,2.0|1108.4324,228.83928,1242.9288,330.17352,0.9361759,0.9830308,2.0|594.8336,162.37587,658.4047,223.79816,0.9910328,0.79259,2.0|
518.7065,186.18394,568.2562,222.93839,0.977509,0.98625666,2.0|598.4835,166.33365,665.88477,230.48125,0.99360025,0.78671974,2.0|
517.3902,189.85641,568.51013,229.69658,0.95214176,0.9724495,2.0|603.7279,171.29115,671.03436,234.27614,0.9912822,0.7097506,2.0|
610.15234,175.86446,678.6013,237.77155,0.9291427,0.83313465,2.0|
519.658,197.41577,575.1708,235.50153,0.8261197,0.98535764,2.0|613.7372,179.3224,687.68695,245.82932,0.9239924,0.69984174,2.0|
620.16016,178.69246,695.125,246.49611,0.96591216,0.8397485,2.0|
625.872,175.02162,708.6073,243.9982,0.9835449,0.6721642,2.0|
527.52325,192.13904,584.1114,230.77248,0.94629604,0.9687517,2.0|628.50146,171.59859,711.9649,243.49713,0.997332,0.5542363,7.0|
535.1937,187.84221,585.7727,223.36795,0.9257317,0.9689682,2.0|633.89215,169.73915,726.7942,239.15437,0.9988201,0.62235385,2.0|
536.2436,182.28441,592.498,218.12419,0.97272927,0.9799831,2.0|643.4454,162.1757,739.7936,237.33696,0.99709785,0.7477545,2.0|
540.24475,178.6646,594.6639,219.2985,0.89966697,0.99146163,2.0|648.75836,161.898,750.88745,235.9585,0.9989675,0.62510085,2.0|
542.0424,180.45184,598.04803,221.21301,0.9340809,0.98841953,2.0|662.8003,159.10432,766.4476,240.89122,0.9900491,0.7901366,2.0|
663.7778,168.579,773.39355,254.16992,0.9990976,0.8479912,2.0|542.67957,186.54149,596.48956,227.03474,0.81242734,0.990234,2.0|
667.4488,164.87384,798.45184,259.13666,0.9996486,0.46936545,2.0|665.6433,163.81332,797.46387,258.73087,0.985927,0.45703328,7.0|
549.4618,191.10808,601.41254,231.36116,0.94009924,0.99288404,2.0|678.88995,167.08546,802.8843,262.68402,0.98487407,0.86918026,2.0|
682.26373,165.50005,823.8715,264.95242,0.98503,0.8001379,2.0|
689.5159,161.20428,837.91986,271.15964,0.9943615,0.7207683,2.0|
683.43555,154.04501,853.80975,271.0403,0.9980482,0.8124027,2.0|
707.69763,148.07848,874.40515,271.7934,0.9976318,0.89765686,2.0|
715.61383,146.75558,905.88635,276.2275,0.99814653,0.6898487,2.0|
716.13434,144.83257,917.6629,282.84595,0.9989378,0.90553206,2.0|
548.49915,177.42392,606.78326,219.5711,0.92223173,0.9657823,2.0|734.0893,140.31697,957.1876,298.19745,0.997689,0.5871632,7.0|753.6387,143.76549,974.7364,295.49664,0.8328682,0.4960778,2.0|
547.9282,180.45038,604.39026,218.35097,0.8526801,0.96180815,2.0|737.5213,144.5791,991.62585,310.97748,0.9747823,0.7556403,2.0|
745.7355,148.57199,1037.8367,328.01074,0.9962083,0.9828127,2.0|550.8725,183.7073,604.5484,222.50885,0.92451173,0.97687316,2.0|
745.8836,147.15648,1092.0306,340.06696,0.99896336,0.98974544,2.0|
757.9022,150.47118,1152.0227,368.50482,0.9986986,0.9902362,2.0|540.0401,192.15462,598.2335,229.1432,0.817259,0.96948224,2.0|
782.5411,145.44821,1203.8066,381.9903,0.9990281,0.9896926,2.0|
790.7617,145.75642,1249.1013,386.21347,0.9982394,0.87012976,2.0|
532.95526,186.21043,589.6793,228.00659,0.8875291,0.9689463,2.0|841.8053,143.06621,1243.3417,389.00186,0.99813473,0.60683924,2.0|
527.5719,190.44635,587.58105,227.34544,0.9178435,0.9841929,2.0|853.93756,137.34459,1241.2678,393.88153,0.98211265,0.8620503,7.0|
527.4103,184.35596,581.59424,224.316,0.84694797,0.9628659,2.0|864.3605,135.13643,1230.8905,389.67563,0.99409324,0.7398849,7.0|
866.6974,141.2655,1234.1838,397.1632,0.9835401,0.67068356,2.0|
919.9739,143.18848,1232.3788,392.58667,0.9808611,0.6343531,7.0|
870.8004,137.89168,1236.7662,388.20996,0.8794283,0.7969808,7.0|
506.0001,192.52855,556.4112,227.61351,0.88027346,0.9693609,2.0|












431.1451,178.05736,481.69565,228.39278,0.851276,0.9193777,2.0|
432.40875,184.14407,483.18005,221.85168,0.8124976,0.9420545,2.0|
437.43152,181.17975,484.20853,221.03845,0.8575021,0.86679566,2.0|






471.09457,180.67534,526.7376,228.10332,0.8970442,0.95732224,2.0|








559.2286,161.78024,639.61914,212.69211,0.9483637,0.91840374,2.0|
569.9227,165.7718,656.4235,209.94777,0.93615985,0.96567243,2.0|





























468.2636,189.36021,501.96042,212.11026,0.81664497,0.91825014,2.0|






492.56708,204.00967,525.7156,228.47447,0.82330024,0.95677465,2.0|

501.13193,193.44641,530.7108,215.62712,0.9559813,0.96315366,2.0|



521.64465,191.14511,545.22235,209.67387,0.85823977,0.962868,2.0|
526.25885,192.41658,555.1609,214.5502,0.93268436,0.8677521,2.0|


542.59485,190.0172,573.4145,214.25275,0.9184501,0.7428906,2.0|

552.1572,189.54564,576.41187,213.61218,0.8534901,0.85378504,2.0|
567.4012,187.05173,596.5583,212.10544,0.8833537,0.8627718,2.0|
568.2391,186.25955,598.8743,212.02165,0.88400096,0.93591833,2.0|


588.3823,186.52124,617.70013,211.58351,0.88501245,0.9010907,2.0|
586.72125,186.41687,615.8462,209.56367,0.9415633,0.9700693,2.0|
591.16907,186.7421,620.5158,210.21365,0.9437904,0.96001226,2.0|
592.306,188.12093,621.47723,211.41322,0.95076996,0.9698864,2.0|
593.76807,187.62413,627.3544,213.57169,0.9404875,0.9429178,2.0|
598.2175,183.63466,630.3703,210.61746,0.84343815,0.91154397,2.0|
598.1059,184.52385,631.6886,210.839,0.927458,0.916695,2.0|
608.92755,181.52809,647.8154,208.26865,0.90753025,0.9112853,2.0|
611.4716,183.22266,643.8018,210.85297,0.96139336,0.9706994,2.0|
615.1657,182.91208,647.1171,209.97977,0.9278982,0.9199667,2.0|
616.80786,185.61967,651.06604,212.23541,0.9630265,0.8411892,2.0|
615.8102,181.47789,651.9399,212.25533,0.97494566,0.8873916,2.0|
620.1528,178.90836,656.9931,207.34854,0.9213738,0.96760577,2.0|

633.5944,169.91182,669.658,200.80762,0.94962746,0.860189,2.0|
637.7622,171.95546,671.68335,200.70583,0.97121274,0.93144536,2.0|
641.10004,174.22571,676.685,211.04636,0.9376981,0.9764757,2.0|
648.8272,179.31143,688.85315,213.26437,0.936194,0.9869884,2.0|
655.53375,179.98221,698.6838,216.78381,0.9342234,0.9888299,2.0|
664.3178,176.0282,705.9429,212.67676,0.91353774,0.9677672,2.0|
665.69617,175.32054,713.2066,216.50476,0.93203485,0.9678311,2.0|
677.23645,174.58987,718.5302,215.17169,0.9724267,0.94465595,2.0|
683.0877,180.07425,732.1806,218.58328,0.9640492,0.97830063,2.0|
688.2925,183.78587,735.73627,218.6854,0.9586609,0.9231429,2.0|736.11597,186.11798,760.02405,208.99649,0.8264357,0.9945879,2.0|
700.15393,183.041,742.5802,219.48763,0.9875239,0.97303355,2.0|
702.0267,173.69395,752.22174,217.59805,0.9370611,0.9491781,2.0|
703.2913,178.0501,761.19714,216.83516,0.9824911,0.98453426,2.0|
706.4062,174.31802,765.1631,216.2374,0.91498476,0.9712768,2.0|
713.2833,173.24799,772.4422,218.67912,0.8348791,0.92069674,2.0|
721.1353,181.08424,775.45746,217.74042,0.9383329,0.9890092,2.0|
722.69324,169.12024,780.40845,228.36108,0.97912735,0.94748986,2.0|
724.62115,170.78242,788.1395,225.94365,0.9690871,0.93700296,2.0|
728.4278,171.46558,795.6664,230.50839,0.98546916,0.9523518,2.0|
730.0605,172.08083,797.6699,230.65591,0.9848279,0.96636146,2.0|
733.6538,173.13441,802.56006,235.71431,0.99697053,0.94891214,2.0|
735.9107,167.7875,807.72784,236.1489,0.9990196,0.9129224,2.0|
733.9404,169.76083,822.2907,236.58688,0.9986902,0.9261567,2.0|
738.06744,165.36377,833.78894,239.41943,0.9991265,0.9511061,2.0|
738.3169,172.54645,841.1815,249.92622,0.9986798,0.972904,2.0|
736.69824,173.25542,848.0879,258.68506,0.9943422,0.9788769,2.0|
741.961,178.32916,873.87964,276.14685,0.9986305,0.9817531,2.0|
743.0872,176.72833,886.2505,273.7156,0.9970024,0.9838378,2.0|
754.4079,170.02507,901.3278,284.04004,0.99885905,0.984991,2.0|
758.78467,174.2415,925.593,294.28766,0.9984585,0.9070101,2.0|
760.2031,169.85095,947.3259,297.93094,0.9886164,0.82006156,2.0|
778.875,168.20615,980.449,309.04395,0.99552214,0.98913354,2.0|750.9894,183.46042,805.63275,253.56277,0.93372333,0.99363166,2.0|
777.76953,161.18439,1023.0844,320.69623,0.995634,0.985194,2.0|
781.68225,153.3283,1077.7328,330.44812,0.9979698,0.99221236,2.0|760.3288,187.9256,833.9216,260.49597,0.95846945,0.99431664,2.0|
801.0936,139.36807,1140.3717,352.685,0.9997389,0.9956321,2.0|755.396,193.56384,847.1311,262.29602,0.9849449,0.9950016,2.0|
831.6684,150.75804,1212.8241,382.32483,0.9994512,0.99845207,2.0|761.3529,195.48528,859.80444,269.66364,0.99489886,0.99663216,2.0|
762.36194,196.94136,887.084,278.7459,0.9977537,0.99736184,2.0|861.92786,158.99179,1237.2325,393.03848,0.9976305,0.99405485,2.0|
877.00806,108.17402,1236.5239,385.16544,0.9976767,0.9974394,2.0|766.1251,195.30647,905.48615,281.09518,0.9936174,0.9957949,2.0|
775.1604,195.3353,931.5423,288.47772,0.99787724,0.9959122,2.0|925.7035,170.4205,1234.6978,390.3463,0.98992246,0.9946597,2.0|
957.2679,183.72519,1242.6914,391.31577,0.9982255,0.9986853,2.0|767.3455,201.44016,952.1195,303.9632,0.995436,0.99705255,2.0|
787.14014,201.58858,982.88965,323.10956,0.9967589,0.99933785,2.0|1017.52026,207.50085,1237.4558,382.6646,0.98739874,0.9982993,2.0|
792.9361,215.23564,1029.1346,345.64212,0.9989504,0.99743336,2.0|1105.8129,256.21625,1237.505,383.87616,0.87128377,0.9925712,2.0|
802.3128,206.68391,1083.9127,354.96027,0.99919575,0.99918693,2.0|
815.9683,208.17572,1149.4337,365.3359,0.9993795,0.9983669,2.0|
859.1332,203.43228,1229.2839,390.6889,0.99980074,0.9989679,2.0|
866.1527,211.07271,1234.9015,393.3482,0.9992317,0.9941506,2.0|
866.41077,212.6605,1233.4281,388.0451,0.99048245,0.99683964,2.0|
920.5494,232.38992,1235.0645,389.58267,0.9924454,0.9931566,2.0|


























































































1068.7701,161.48068,1233.6656,322.026,0.9862363,0.97543746,2.0|699.2988,182.6626,753.9928,222.22746,0.8746751,0.9635129,2.0|
1139.079,173.44377,1243.2295,350.1656,0.97622126,0.99396753,2.0|

705.2844,181.76193,760.8132,227.07051,0.8578678,0.94931763,2.0|
705.3264,179.79225,761.2755,227.31035,0.81383,0.94338727,2.0|



708.2645,181.62816,784.9283,238.27867,0.9782721,0.9157127,2.0|
704.98584,177.93578,790.838,239.76196,0.96601826,0.97717434,2.0|
707.92737,172.3959,795.99194,245.72972,0.97591394,0.9541822,2.0|
713.8753,177.2757,802.4359,250.28078,0.9573195,0.940742,2.0|
719.6812,181.3802,815.81573,258.66794,0.9111744,0.8722709,2.0|
720.8394,184.34631,821.1052,262.29443,0.97328496,0.89790696,2.0|
724.9399,179.83241,833.23004,266.66998,0.98194766,0.73246765,2.0|
724.8128,173.58986,845.6525,274.39804,0.96416104,0.9439328,2.0|
734.3476,168.95872,858.54596,280.812,0.9919661,0.9686674,2.0|
740.9576,174.49841,881.5374,285.87292,0.911943,0.97417825,2.0|
751.799,178.51593,900.39014,295.13065,0.9760808,0.9740835,2.0|
760.6552,173.96028,922.97943,300.57416,0.9972403,0.9835724,2.0|
758.32324,182.52629,962.4779,315.34787,0.9848674,0.9132137,2.0|
764.0904,175.61656,993.6612,324.9733,0.99684083,0.96877563,2.0|
750.05365,159.41309,1052.6985,336.9755,0.99831426,0.9937257,2.0|
763.6337,163.24088,1138.1935,371.825,0.9996495,0.98878354,2.0|
786.638,173.7956,1208.594,391.39117,0.99933076,0.9891206,2.0|
830.108,183.25502,1246.4312,395.20963,0.99949646,0.9883583,2.0|
849.6187,191.03882,1235.0143,386.72275,0.99593914,0.99121886,2.0|
867.49097,191.63153,1231.4459,398.31277,0.9931552,0.9557586,2.0|
884.2368,172.89362,1226.6234,390.61395,0.988891,0.9495898,2.0|












































































































































































































































-1.4143625,188.12561,230.91017,304.28238,0.85526156,0.96737367,2.0|












































































































