700.4517,176.364,836.4871,263.4548,0.9945768,0.99165463,2.0|277.32315,198.851,318.62418,221.29292,0.84301144,0.98102933,2.0|
713.7798,181.53766,854.92993,272.86948,0.9980661,0.995404,2.0|263.66092,198.07979,314.9546,221.31874,0.86796623,0.9863187,2.0|
718.1735,176.06929,886.8976,285.32828,0.9998758,0.99746287,2.0|255.56258,195.84155,308.0919,224.49683,0.90848285,0.9887533,2.0|
717.33234,175.69864,909.78754,297.03442,0.99972516,0.9957936,2.0|243.2816,196.15515,297.93213,225.0823,0.9149514,0.9820435,2.0|
729.37946,168.92526,953.46027,308.27496,0.9997002,0.9984701,2.0|642.2897,181.11852,701.1788,215.96167,0.8724887,0.94307023,2.0|
749.7355,165.65974,1008.49554,334.922,0.9998722,0.99888724,2.0|
776.6909,159.52129,1120.2657,369.16348,0.9998909,0.99936396,2.0|648.42755,184.26125,704.2723,218.14575,0.90906024,0.9096551,2.0|
796.0904,169.62013,1218.6537,392.0879,0.9998957,0.99937963,2.0|187.85515,204.03859,257.5763,229.80548,0.8627981,0.9787676,2.0|651.7334,185.70717,705.03107,219.61569,0.87224776,0.9278927,2.0|
813.7152,174.38443,1224.4379,391.61713,0.9994624,0.99856526,2.0|175.65225,206.72153,235.14389,232.0955,0.92133564,0.98858505,2.0|650.02783,182.81995,708.87134,217.39581,0.8807238,0.93521756,2.0|
858.8534,168.71028,1238.3767,404.10477,0.99846244,0.99522746,2.0|158.83116,201.6468,238.08284,233.7409,0.92024267,0.9854998,2.0|653.5605,180.60164,713.6346,218.07104,0.88857627,0.9287422,2.0|
929.2256,179.48346,1228.6584,393.87445,0.9994961,0.99900407,2.0|145.28075,206.11075,222.17155,236.57355,0.8928581,0.9872502,2.0|
135.19359,204.92157,216.19875,236.80356,0.93156636,0.98539716,2.0|
121.65312,205.33208,202.5642,238.10939,0.9640836,0.9886048,2.0|
669.3976,179.33269,743.93225,231.99141,0.9293861,0.96765655,2.0|
83.408554,206.80373,174.63043,241.73402,0.98628545,0.99430615,2.0|671.86487,179.96965,756.56085,233.3139,0.9821681,0.95456225,2.0|
58.133087,207.8821,156.95174,247.2085,0.98908854,0.9910136,2.0|673.45026,183.04167,762.12103,242.58734,0.9896311,0.9522305,2.0|
31.648937,208.64244,140.27075,251.77592,0.9912369,0.98756474,2.0|684.7527,183.75746,772.58154,244.72697,0.97505856,0.9525286,2.0|
5.544328,210.55704,121.1282,255.37958,0.99177426,0.9867801,2.0|687.6971,180.4847,785.98444,251.49312,0.9260385,0.9396879,2.0|
698.636,186.59492,805.2508,256.14526,0.97199315,0.99023134,2.0|1.1380712,209.97403,94.58068,261.19257,0.9708552,0.97700024,2.0|
703.891,186.83354,823.6369,260.1679,0.9848487,0.99036205,2.0|3.444853,211.3428,79.52126,259.16425,0.91224647,0.9950795,2.0|
702.7375,182.86227,845.62103,271.32068,0.9984261,0.9966918,2.0|
713.3372,189.33107,867.94434,282.8263,0.99858814,0.99655676,2.0|
720.0188,186.0446,903.28625,292.29395,0.99929,0.99589926,2.0|
729.8393,179.78493,953.1645,304.0175,0.99983275,0.99591607,2.0|
748.05347,182.4135,1014.63,335.53094,0.99980456,0.9993457,2.0|
771.7063,186.24661,1106.6354,361.25836,0.9996512,0.9995478,2.0|
801.3348,192.84242,1206.9358,384.42868,0.9998925,0.9992655,2.0|
834.3885,189.41496,1212.9752,388.28146,0.99982965,0.999637,2.0|
876.5858,193.58078,1226.5436,391.07782,0.99978286,0.9996737,2.0|
951.75964,220.92395,1237.839,391.29184,0.9992865,0.99955994,2.0|














160.79836,187.18204,255.63544,230.28139,0.88079935,0.9903965,2.0|
123.654816,189.55066,228.61288,232.43332,0.8712432,0.9934946,2.0|

16.430588,192.91765,157.58398,250.17531,0.93372005,0.9926898,2.0|



















759.17615,20.98108,1207.2306,396.3329,0.87145585,0.98215806,7.0|
747.8027,0.5111852,1233.0239,401.35556,0.89720446,0.35585818,5.0|


861.2634,0.748661,1226.5071,407.5224,0.9918751,0.9231099,5.0|
891.5404,-13.043188,1213.341,392.1708,0.9698457,0.9744186,5.0|
967.01666,0.16705696,1237.9327,391.85483,0.98143506,0.9895845,5.0|











































642.6252,159.29729,681.932,189.68271,0.8266519,0.26196754,7.0|








636.8175,103.574585,735.62305,208.12057,0.93106157,0.94109315,5.0|



657.1998,158.57138,712.722,210.75742,0.87331665,0.75535816,7.0|




658.23175,141.03094,757.9701,213.63036,0.89969194,0.5570877,7.0|

673.05707,138.8705,778.918,218.96606,0.895197,0.90598613,7.0|
674.6887,132.3524,777.0409,224.6781,0.980717,0.89279735,7.0|
674.8676,139.48865,779.67114,224.20192,0.9466579,0.9222925,7.0|
681.2751,137.69295,794.68677,225.75568,0.9680615,0.922582,7.0|
662.51587,104.30486,823.24554,227.24504,0.8487878,0.98951626,7.0|
695.2245,123.95863,855.22095,233.46498,0.9540431,0.98163927,7.0|


712.9719,122.2049,881.02374,252.14134,0.94947106,0.98820275,7.0|
718.9935,121.53694,933.61145,257.3427,0.9613361,0.9854338,7.0|
715.2547,114.87765,966.5709,264.80368,0.96573365,0.98562914,7.0|
726.6329,98.80336,1027.3159,274.22522,0.9714541,0.9972184,7.0|
747.76996,80.185974,1071.0997,283.70926,0.93350285,0.996797,7.0|
774.2517,72.796776,1187.9875,304.11014,0.97247857,0.9880363,7.0|
786.35547,43.43818,1237.472,328.43945,0.99560297,0.9884305,7.0|725.53815,163.55714,801.2055,228.4652,0.9328179,0.98553234,2.0|679.602,171.47852,725.29913,205.12369,0.87927824,0.990831,2.0|
727.8779,165.01945,818.82855,230.71089,0.9924489,0.98487294,2.0|806.15436,6.2622232,1233.3566,356.8498,0.9963887,0.9289944,5.0|662.8994,167.45476,694.6869,194.61076,0.835011,0.9624115,2.0|619.655,167.05168,649.1681,196.47115,0.9229307,0.63256866,2.0|
737.3341,165.34679,839.20605,236.65459,0.99645543,0.9900321,2.0|854.5564,13.844971,1239.5754,390.81287,0.9963576,0.833073,7.0|663.1654,174.73083,692.5156,198.91951,0.8314197,0.96281713,2.0|685.3353,177.50067,736.9768,209.8861,0.80721885,0.99125844,2.0|617.6489,174.23804,647.6009,199.69012,0.9000657,0.81534445,2.0|
750.0016,165.70503,869.2216,244.87032,0.9973387,0.98255736,2.0|869.1187,-2.6575713,1232.7892,397.27402,0.9971601,0.97151697,7.0|691.22266,177.24608,748.7542,210.87988,0.8731719,0.9964619,2.0|
759.9116,171.22246,886.70776,255.30551,0.999111,0.98500687,2.0|665.63934,171.94936,697.2435,201.39273,0.88192505,0.9761243,2.0|693.6394,175.5217,750.572,212.15697,0.85784006,0.99249846,2.0|893.25574,2.4224172,1219.4586,361.67896,0.99187016,0.642014,7.0|
768.2218,167.40118,917.03735,259.71863,0.9965084,0.9974953,2.0|973.46155,-11.166597,1224.894,403.24475,0.9917892,0.92719114,5.0|
775.45496,162.52635,946.0989,260.4381,0.99866223,0.99877125,2.0|666.66864,165.93591,704.2698,199.83545,0.93494743,0.9917904,2.0|1066.2141,-8.620686,1233.2783,398.25824,0.95152044,0.9576526,5.0|619.539,165.68451,653.6316,202.17984,0.9141534,0.81307244,2.0|
795.6615,160.2632,986.0595,270.84827,0.9986498,0.99835443,2.0|666.77094,171.8195,697.2464,200.54811,0.9316843,0.9704794,2.0|698.8573,172.88016,769.3812,215.42757,0.8103157,0.98553675,2.0|619.1485,169.48302,650.8645,202.21964,0.87722737,0.7269892,2.0|
811.6156,160.22484,1039.1747,286.70032,0.99973005,0.99875045,2.0|708.20886,173.37308,779.0629,213.79941,0.8464415,0.9860161,2.0|325.25507,189.39034,361.64328,206.7333,0.8286785,0.96947026,2.0|
830.27985,162.47888,1126.2579,312.46225,0.9888905,0.99451715,2.0|706.49274,171.59586,783.88617,217.97423,0.9389134,0.99180835,2.0|680.8224,168.41658,722.7424,202.53189,0.81360257,0.9384066,2.0|617.7955,166.87083,651.2638,202.43166,0.9006305,0.4611225,7.0|
850.6997,149.18437,1239.3542,341.53925,0.999337,0.9737511,2.0|709.9784,174.16417,786.06903,223.74913,0.9633335,0.9905855,2.0|
877.02704,148.2479,1232.7804,373.4252,0.999228,0.98998004,2.0|714.3465,173.41168,791.98083,225.45015,0.97772115,0.9775684,2.0|
948.78546,145.84901,1233.4093,388.2897,0.9993925,0.98976153,2.0|719.3159,169.501,806.8725,224.17943,0.95352393,0.985466,2.0|683.4229,168.51395,727.6298,207.70825,0.84783036,0.94389063,2.0|
1004.5323,148.82376,1232.2877,375.8504,0.99782723,0.9812614,2.0|728.62317,165.9111,817.51605,227.59076,0.8473738,0.9803954,2.0|615.3915,166.51022,649.14636,204.40521,0.86167973,0.63709265,2.0|
1103.2971,201.40807,1240.6083,378.90402,0.99084514,0.9845541,2.0|615.76056,165.78824,653.5188,205.93152,0.8410241,0.42467037,7.0|
743.9144,164.78625,846.081,234.36354,0.9624851,0.99240863,2.0|675.4638,160.09096,746.28046,206.98389,0.8078908,0.88202626,2.0|614.5192,161.5414,652.73236,207.23093,0.8522658,0.52575976,7.0|
753.3089,163.3656,868.15454,235.92012,0.9567344,0.9890532,2.0|
756.4162,164.37144,881.61975,242.68474,0.96860933,0.9893087,2.0|687.83514,160.40541,759.7577,208.41203,0.8752124,0.8767512,2.0|
763.5033,166.01378,907.66364,249.66098,0.9821338,0.99471503,2.0|139.42162,194.72119,212.5314,226.44385,0.83024704,0.9874192,2.0|
778.0746,170.5047,932.8553,255.72324,0.99277276,0.99754506,2.0|613.60767,176.1536,656.8832,212.82141,0.88161767,0.96385264,2.0|121.202255,192.91557,197.00627,228.29472,0.836679,0.9797999,2.0|226.17317,194.96613,277.5424,215.58067,0.8061224,0.94907844,2.0|685.0476,161.56065,764.7577,211.56721,0.823763,0.8669869,2.0|
789.2116,168.76,973.1536,261.63184,0.99858737,0.99875665,2.0|612.36176,174.10622,658.31354,214.5208,0.9762381,0.98498017,2.0|211.53462,190.81229,279.49628,218.09007,0.91777533,0.9610081,2.0|685.25946,156.39955,772.9578,212.51048,0.9788938,0.59645736,7.0|
804.673,169.17085,1012.63275,273.8261,0.9956963,0.9990539,2.0|613.59503,174.98529,660.3061,214.97472,0.9487727,0.9760357,2.0|702.7696,158.09589,789.23505,213.7476,0.97138864,0.67782634,2.0|692.4217,153.72072,778.8312,212.3823,0.8509625,0.5898346,7.0|
824.7822,174.48558,1071.3131,290.38614,0.9994448,0.99927765,2.0|700.27026,160.80534,801.0723,218.61807,0.99506205,0.9416893,2.0|69.89571,192.88635,150.50127,232.35329,0.9018183,0.98619866,2.0|191.68896,190.4993,260.3695,216.55606,0.8250936,0.9665514,2.0|613.2064,155.22556,656.5338,215.40147,0.9406026,0.66087383,7.0|
850.7554,165.79138,1142.3331,311.37534,0.9995209,0.9977635,2.0|49.147987,200.78198,135.0458,233.83278,0.89420474,0.9903258,2.0|709.8484,157.99577,810.8652,218.81792,0.9313604,0.84515345,2.0|616.1536,151.65714,667.1527,213.94371,0.9551935,0.6322711,7.0|
866.9776,164.04161,1233.7968,342.46167,0.9995797,0.99840003,2.0|27.434769,199.31087,117.14082,236.43695,0.95826775,0.9909497,2.0|163.9645,193.93806,243.6776,224.10864,0.96057385,0.9813462,2.0|719.3643,156.37077,823.9301,225.03511,0.9791301,0.9129263,2.0|419.29892,178.23703,455.43668,195.93506,0.8174957,0.9733863,2.0|616.85974,151.5218,664.0912,218.64825,0.9537675,0.581098,7.0|697.94104,155.04288,816.57635,220.29128,0.8463457,0.5515882,7.0|
908.8392,169.33687,1237.3535,362.83545,0.99967337,0.9989913,2.0|7.2458453,202.9266,100.48803,239.86649,0.9404816,0.9900085,2.0|708.5873,155.60513,838.60675,230.84549,0.9910959,0.7430349,2.0|706.76324,153.61467,822.7637,222.23051,0.8594676,0.68750304,7.0|
954.5906,176.74841,1236.8511,370.6801,0.99927956,0.9960842,2.0|732.76495,156.3722,849.02594,227.5786,0.98886603,0.9280475,2.0|2.779157,201.66248,81.83334,240.29614,0.8404095,0.9863311,2.0|618.8638,146.988,673.8513,221.4812,0.87715614,0.63861316,5.0|616.1847,148.56194,668.69,217.49547,0.8077386,0.65696776,7.0|719.70056,156.5804,837.00195,221.18802,0.85860986,0.54654104,7.0|
1010.07965,162.90994,1234.9285,377.62384,0.9991647,0.9947732,2.0|733.58856,153.85783,865.79297,234.11627,0.9661539,0.7077875,2.0|730.5523,150.35172,857.40344,228.01263,0.86212164,0.61462396,7.0|
746.3673,154.88452,878.3071,236.59708,0.9960367,0.995764,2.0|1083.5492,235.35059,1237.6061,383.11102,0.9881607,0.9683566,2.0|619.39636,168.45337,679.6277,225.50719,0.9030561,0.79323584,2.0|620.1378,143.10281,674.9884,220.89984,0.8173826,0.7337391,7.0|
748.2795,147.42928,894.6505,235.013,0.9944693,0.9488032,2.0|
74.64471,193.72063,179.472,228.396,0.960326,0.9804206,2.0|754.7771,147.5661,930.0565,237.80983,0.98821825,0.9373817,2.0|621.20087,143.91853,688.00104,218.30057,0.95946145,0.6553852,7.0|720.83484,152.36838,794.89484,218.90347,0.886297,0.5168692,7.0|
755.25995,141.1254,966.01886,242.19717,0.99592197,0.9746816,2.0|56.806145,195.3919,167.96355,232.3638,0.94874597,0.9644038,2.0|727.8995,147.47305,817.35876,225.51752,0.88622,0.614687,2.0|
772.9691,138.75328,994.5105,245.24745,0.99696463,0.9663566,2.0|42.231594,191.93794,160.93398,235.9274,0.95325667,0.95984304,2.0|738.87103,146.86487,826.7965,226.46455,0.92929053,0.7625075,2.0|
790.3059,134.45454,1013.8443,253.86345,0.9924394,0.9810002,2.0|18.94817,199.0447,153.43037,236.911,0.9479501,0.96174246,2.0|750.60516,143.50311,853.1579,228.35576,0.888918,0.5158075,7.0|
808.88074,132.16013,1065.8075,269.06863,0.97443795,0.9453968,2.0|8.124452,198.14572,137.23933,237.69672,0.92081225,0.9527443,2.0|638.06134,137.96097,724.9082,230.05086,0.9419124,0.60909647,7.0|
0.9147393,199.50516,126.16254,239.09853,0.93424946,0.96988094,2.0|838.4578,131.41037,1111.5403,272.67828,0.97360295,0.8413593,2.0|640.0776,139.50581,723.2384,226.28795,0.8964794,0.79641867,7.0|800.6106,115.136116,1158.1154,276.06934,0.96724695,0.5527576,7.0|
1.7043395,198.76332,103.20381,242.02089,0.93626815,0.98403233,2.0|855.85876,125.2198,1180.0193,292.474,0.95196897,0.9256384,2.0|774.37494,134.79356,922.0753,239.52127,0.9738869,0.52071834,7.0|
875.12305,125.636986,1227.7976,298.89987,0.9996948,0.95990074,2.0|-0.85421824,197.92804,96.25952,243.20412,0.96146244,0.97403926,2.0|644.0998,137.49298,728.87024,231.30542,0.8854613,0.80275035,5.0|795.2299,136.90431,950.5627,250.50378,0.9583685,0.6059676,7.0|792.3366,132.49889,954.37006,243.76793,0.964847,0.4751925,5.0|
0.33974698,197.53917,83.04983,245.67961,0.9790835,0.96303004,2.0|909.2994,126.244125,1239.755,334.4546,0.86210364,0.9187839,2.0|798.9043,131.96877,977.4378,252.38475,0.95325416,0.7451238,7.0|647.5962,164.69159,751.56396,244.56302,0.9005415,0.5263305,2.0|
0.32961318,195.05702,72.60738,249.98392,0.93407303,0.9584897,2.0|956.14923,122.377785,1242.2637,366.3034,0.99595475,0.8281176,2.0|810.9363,128.6478,1011.73535,255.88365,0.9661489,0.75674254,7.0|954.7862,116.93868,1239.8877,338.46725,0.99811506,0.66174763,7.0|
987.3142,112.497665,1232.564,387.84506,0.99511117,0.8308377,2.0|828.3437,122.47114,1048.7847,255.235,0.9588994,0.6525515,5.0|979.8078,92.581924,1239.1392,363.32886,0.90495217,0.6206898,7.0|834.0092,124.71512,1063.5908,266.2454,0.992963,0.5262936,7.0|
1013.4701,108.848854,1237.2534,370.43103,0.9958182,0.8903312,2.0|989.6773,107.67613,1240.3656,339.51892,0.9518874,0.68232405,7.0|831.2892,118.5291,1116.6333,282.47186,0.9941037,0.605999,7.0|
1051.7478,116.89827,1242.9296,368.77884,0.99882454,0.97635627,2.0|854.5348,121.14885,1149.7206,292.00983,0.9961765,0.72469836,7.0|
1105.4027,154.96428,1245.9579,370.67746,0.997844,0.9841865,2.0|887.0468,96.535484,1203.4456,311.79825,0.9973464,0.7068357,7.0|
879.68915,93.383064,1229.3785,325.33914,0.99623954,0.8791927,7.0|
917.9126,81.90066,1232.7039,333.22897,0.9986619,0.6429365,7.0|666.3282,158.71555,839.4782,287.90994,0.82147783,0.59566426,7.0|
941.09814,83.13815,1240.6003,373.95816,0.9972843,0.8191973,5.0|
972.7509,51.59871,1235.2986,382.56146,0.99751914,0.67502713,7.0|963.8362,93.70685,1237.9639,396.1169,0.97221226,0.6201026,2.0|
998.4707,88.14781,1233.8757,413.19608,0.98066473,0.776415,2.0|658.42883,155.85442,948.97186,366.15982,0.80414027,0.84258765,7.0|987.1187,69.925446,1239.5914,387.3302,0.98022765,0.61006105,7.0|
1028.9395,91.2928,1243.1735,379.87964,0.9937447,0.9508318,2.0|
1066.6415,109.31011,1243.591,375.71603,0.99170953,0.94878817,2.0|
1121.8647,181.82608,1241.0709,384.22412,0.9983584,0.9797601,2.0|1080.0929,90.89606,1225.8159,243.17198,0.93962896,0.71319515,5.0|

1118.8031,77.23999,1243.7856,244.24881,0.90031445,0.6624074,7.0|
669.91095,111.21701,783.39764,256.61594,0.8755274,0.47217658,7.0|
673.8844,109.34356,800.49164,257.5076,0.9576876,0.6416065,5.0|
674.13916,101.73914,813.9751,277.85272,0.9882438,0.7136183,5.0|
682.3067,97.33148,831.92804,266.62894,0.97347826,0.78775585,7.0|
678.3469,94.396515,838.9555,274.51523,0.8569341,0.67657566,7.0|
674.8325,86.97732,867.30084,276.97382,0.8874323,0.7936128,5.0|
676.74097,47.540813,897.5637,310.10938,0.9757632,0.8799692,5.0|
673.31104,49.66995,907.80365,321.92276,0.97173923,0.8877746,7.0|
685.77875,39.38152,928.52527,342.1333,0.9735014,0.74461424,7.0|
668.48883,34.04557,987.1536,344.78946,0.9882393,0.9303621,7.0|
670.928,7.372629,1065.2859,365.07755,0.99360126,0.8868447,5.0|
677.5598,3.5765665,1100.5165,382.18854,0.9912326,0.7713161,5.0|
673.487,-4.494333,1180.9353,386.93704,0.98879904,0.9903543,5.0|
672.8939,-1.5165769,1218.3425,391.71515,0.99014086,0.9953589,5.0|
714.424,-1.940501,1210.7328,368.82617,0.9975212,0.99526864,5.0|
704.4617,-15.232226,1247.2322,386.01358,0.9317075,0.9658947,5.0|
729.29486,-6.806456,1238.6133,395.32803,0.9363359,0.49861068,6.0|
744.64014,-21.244776,1236.0321,410.39426,0.8799601,0.9814895,5.0|
753.1013,-23.800018,1232.3518,415.1747,0.98229605,0.9952956,5.0|
782.11285,-1.2061785,1228.9097,394.92725,0.9903086,0.9255283,7.0|
































































-2.2535877,210.47617,82.063156,300.43478,0.9094157,0.92601347,2.0|
0.34162715,223.31642,129.01378,301.35123,0.94921565,0.95141834,2.0|
2.3111951,226.08174,171.93253,301.0388,0.9687839,0.995959,2.0|726.43604,179.2244,824.3954,217.353,0.8352061,0.9847131,2.0|
0.3121166,226.19754,220.64392,311.6586,0.99500847,0.9976942,2.0|779.29785,178.74837,877.9578,216.74066,0.91145706,0.98945624,2.0|
30.829165,226.83012,260.33746,314.05505,0.9964567,0.9989563,2.0|843.8102,174.36969,933.26984,215.58574,0.93822765,0.9885908,2.0|
81.12946,225.29372,309.75623,306.66464,0.99485505,0.9986929,2.0|883.5628,171.90668,1002.0194,215.14658,0.8828634,0.98392963,2.0|
147.58392,220.32597,363.99103,299.82068,0.9964516,0.99889815,2.0|951.4311,168.39966,1077.7301,215.36414,0.96689254,0.98828983,2.0|
199.42366,214.78928,411.01328,298.06732,0.99818665,0.99961865,2.0|-4.3991165,217.64198,100.8668,328.30844,0.986845,0.99009913,2.0|1021.253,172.70969,1156.3712,221.16684,0.9440168,0.98131347,2.0|
240.64938,219.77359,455.30823,295.86618,0.99780136,0.9997491,2.0|-3.0046713,227.68661,151.01418,315.8138,0.998448,0.99529845,2.0|1123.8214,171.16092,1241.9227,221.98857,0.9051966,0.9693421,2.0|
292.94617,216.19757,499.12827,295.62982,0.9980387,0.999181,2.0|-2.0160034,220.23601,194.644,321.84967,0.997001,0.9878433,2.0|
-1.3003587,225.57993,258.91385,321.43576,0.9996276,0.99855417,2.0|339.3483,213.11124,545.7725,296.4346,0.99854654,0.9995819,2.0|
388.06982,212.6835,593.41003,292.5055,0.9986193,0.9994286,2.0|0.32258195,221.10587,291.43536,322.9399,0.99979764,0.99721307,2.0|
433.95972,210.22284,642.61847,294.0775,0.99855095,0.99974257,2.0|28.742891,220.98372,352.03244,317.4163,0.99909437,0.9979196,2.0|
480.83316,207.31856,695.54297,293.88782,0.9987255,0.9996643,2.0|83.76253,216.00444,397.6291,314.93097,0.99913764,0.9983102,2.0|
529.44727,204.87619,748.10913,294.75476,0.9987219,0.99977523,2.0|135.98837,212.57579,442.9213,311.55493,0.9994917,0.99858826,2.0|
579.52716,194.85225,805.67957,286.39722,0.9995247,0.9996512,2.0|192.44972,209.65636,481.48666,309.92282,0.9993843,0.99921286,2.0|3.4621737,211.71275,187.94107,275.23227,0.9134971,0.98695093,2.0|
633.0899,193.92265,881.05884,289.79135,0.9996942,0.99950767,2.0|242.15506,205.98474,529.6623,308.88242,0.9994778,0.9992817,2.0|79.54622,206.83781,236.33084,269.25977,0.9621795,0.99284744,2.0|
676.90314,188.89946,947.13696,290.25723,0.99926156,0.99925,2.0|290.42514,200.2723,578.9013,304.41147,0.9997009,0.99835026,2.0|141.1257,200.04384,292.00504,264.64084,0.97822577,0.99552333,2.0|
742.84436,187.40741,1046.6437,295.56006,0.9998598,0.9991997,2.0|330.88354,199.36234,632.9903,301.56226,0.9998733,0.99874264,2.0|197.48991,198.75641,346.6195,262.49014,0.98754835,0.99241334,2.0|
379.8428,194.78091,681.0481,301.05472,0.9998809,0.99929214,2.0|777.7457,182.74074,1150.0106,304.85104,0.99964845,0.999226,2.0|241.71078,192.80891,405.02353,263.0411,0.97566277,0.9932,2.0|
415.98358,193.9144,753.80505,312.9367,0.99986076,0.9989409,2.0|854.33307,178.78432,1245.3326,321.1969,0.99940026,0.99846387,2.0|297.82513,191.31973,443.9779,256.82965,0.95348907,0.99259686,2.0|
473.23627,190.42264,799.243,316.90436,0.99985707,0.99849224,2.0|937.86884,185.36127,1237.7153,331.58047,0.99907124,0.9987925,2.0|337.8601,188.90501,492.67874,255.26067,0.96234506,0.9884255,2.0|483.4596,176.4324,597.80884,235.30728,0.8466782,0.9827759,2.0|
523.2656,195.59453,891.93024,321.0199,0.9999368,0.99901175,2.0|1037.1969,185.60512,1240.0762,344.38416,0.9993711,0.9954786,2.0|387.36896,189.47124,533.2734,256.85757,0.9555718,0.98615175,2.0|
566.4495,196.86743,959.2835,328.5552,0.9995846,0.99964166,2.0|1111.5138,210.07796,1240.4288,367.25513,0.9875293,0.98704314,2.0|421.4293,187.65865,572.80005,253.63583,0.81786746,0.98117673,2.0|
589.539,201.71819,1043.0271,331.44565,0.99994063,0.9997881,2.0|459.1757,186.53212,622.6869,265.05453,0.95108956,0.9903983,2.0|
620.7184,195.54677,1121.3035,349.30756,0.99994576,0.9999453,2.0|492.66632,184.48447,657.13574,264.69858,0.969942,0.9872177,2.0|660.06104,173.47267,786.0785,241.01585,0.8287792,0.96245104,2.0|
648.7219,190.81396,1262.4767,376.2244,0.99986875,0.99987495,2.0|535.48114,184.54915,704.64594,264.56036,0.9897692,0.9951527,2.0|691.83813,166.98018,840.97943,244.86691,0.899557,0.98918253,2.0|
711.9062,185.17964,1213.0645,382.53214,0.9999312,0.99932826,2.0|565.325,178.07385,744.78046,260.07562,0.9937736,0.9966826,2.0|740.6241,160.34456,887.76776,242.02654,0.9668027,0.9761757,2.0|
600.0487,171.25569,792.8904,259.18665,0.99689543,0.99648654,2.0|782.3022,172.23814,1219.4352,386.63828,0.99956745,0.98961395,2.0|790.596,155.98186,951.4584,241.56244,0.9981913,0.97388965,2.0|54.119865,198.56381,108.79756,227.0285,0.81296456,0.9752577,2.0|
636.0,161.76004,832.0824,261.02866,0.99835336,0.9979665,2.0|863.92444,182.17834,1232.9469,398.3401,0.99961627,0.9965425,2.0|841.1156,144.94945,1035.7201,244.15836,0.99829465,0.99215627,2.0|103.32658,196.6813,149.53526,225.9811,0.8891818,0.98788506,2.0|
935.65173,226.8725,1247.3812,392.7146,0.9921204,0.9968965,2.0|680.8455,164.58638,884.13556,270.4424,0.99554837,0.9892866,2.0|902.71497,145.27528,1105.2188,258.295,0.9896293,0.9950128,2.0|128.47052,195.40987,194.75246,225.70001,0.8690386,0.97546977,2.0|
962.14984,141.49507,1230.6299,271.54962,0.9984005,0.9987668,2.0|719.5646,167.43965,944.5368,276.94434,0.998211,0.99793565,2.0|1070.9088,259.08905,1241.0298,385.5162,0.89349824,0.9958876,2.0|
757.38763,179.2259,1011.48474,293.2335,0.9988475,0.9914709,2.0|1049.2842,140.37187,1243.7798,284.2044,0.99361354,0.99382555,2.0|202.63496,197.4982,264.1286,227.66396,0.9017222,0.9688571,2.0|
811.4698,173.29903,1092.2053,301.57675,0.9989085,0.9897703,2.0|1149.0839,144.36153,1240.2903,288.4979,0.9938412,0.9840179,2.0|243.71544,197.8029,292.31378,227.5468,0.91723967,0.9705887,2.0|
862.9763,164.98746,1190.2922,313.76404,0.99709046,0.9947984,2.0|273.8087,198.75491,320.73682,226.25162,0.9171448,0.9829472,2.0|
939.5615,161.15872,1244.1484,334.33215,0.99936944,0.99624026,2.0|305.48233,196.09415,348.21707,224.24184,0.9752804,0.9621999,2.0|
1034.9077,160.17804,1239.8768,365.55377,0.99966156,0.9989446,2.0|333.9961,196.69756,373.57336,224.88686,0.9557955,0.97894406,2.0|
366.13617,194.83385,405.1112,223.77153,0.9075847,0.9423988,2.0|
390.07706,193.56877,432.56778,225.72072,0.9713677,0.8143666,2.0|
420.61145,189.82584,457.32916,219.39417,0.9518504,0.8438351,2.0|
444.6486,192.3822,482.40756,219.15157,0.9721682,0.97586036,2.0|0.9289101,198.6431,70.93731,247.1407,0.8810341,0.7154945,2.0|
470.47525,186.88348,506.09506,219.48383,0.98357177,0.6854664,2.0|
494.1642,189.13197,530.68195,218.55856,0.94934434,0.8082743,2.0|
517.18427,190.7522,551.28955,222.7706,0.9786113,0.6874599,2.0|
537.43243,190.71964,575.48334,223.70898,0.97099406,0.84675485,2.0|
556.6462,188.57207,597.65295,227.1463,0.9358358,0.83059067,2.0|86.60748,198.1211,177.87999,238.46426,0.8875152,0.8651766,2.0|
577.43146,187.80461,614.7046,223.32062,0.84908146,0.91831267,2.0|104.413445,198.60292,199.91911,239.5203,0.9359022,0.8097929,2.0|
591.2683,184.98099,637.55035,223.36867,0.93726623,0.8179973,2.0|
614.75415,188.62297,659.3445,223.89793,0.9710072,0.86456573,2.0|
628.60986,182.94736,677.881,227.1236,0.8985461,0.83246326,2.0|
645.2094,182.8886,697.9453,234.41122,0.9538866,0.89542145,2.0|149.92001,191.63414,260.7456,232.2906,0.8738069,0.70130956,7.0|
661.5282,188.25668,713.3232,231.54747,0.9600059,0.8624105,2.0|
673.1104,190.36227,729.54987,238.28542,0.974818,0.85466343,2.0|
682.6288,187.0378,748.8223,243.41174,0.916212,0.9067829,2.0|
691.99207,187.9501,756.06055,241.18846,0.95652145,0.94445133,2.0|-1.4789433,159.78748,56.43956,254.50314,0.8248378,0.7356061,7.0|
697.07916,189.81781,764.14496,247.00035,0.9907396,0.91942537,2.0|93.6786,183.86713,266.62317,237.16502,0.92675835,0.9059775,7.0|
700.52795,192.06367,778.0128,251.34395,0.9832841,0.94369906,2.0|86.11952,182.4297,234.08858,237.1481,0.840575,0.8855094,7.0|
703.4406,193.95924,786.87427,255.70985,0.99041,0.98035586,2.0|45.822376,180.87708,218.36833,240.48874,0.9511203,0.84023416,7.0|
707.02686,194.60164,799.16077,255.66301,0.99730945,0.98468,2.0|5.976761,181.49738,197.9942,244.93433,0.95107824,0.9165092,7.0|
714.29266,191.46594,815.60626,265.26974,0.99595535,0.97513133,2.0|-1.352402,180.23508,188.47095,247.63718,0.9074884,0.9236538,7.0|696.44293,183.91537,744.39575,236.3475,0.865742,0.9316658,2.0|
713.51935,196.81,840.70856,276.51477,0.9972857,0.95502794,2.0|
721.5123,192.41037,864.48663,282.73483,0.98789304,0.9942392,2.0|3.7785463,192.12059,140.89227,251.3245,0.9841007,0.99027234,2.0|697.6765,180.65858,754.94324,233.3095,0.90860623,0.90665895,2.0|
724.7236,188.51431,900.9996,296.28592,0.99779344,0.99694186,2.0|-1.3895782,189.68625,98.389565,257.96982,0.9471829,0.95698565,2.0|696.4015,179.9803,760.7988,239.19876,0.99114263,0.84375,2.0|
740.09406,189.24858,931.35175,317.1199,0.99873954,0.9968682,2.0|700.6631,179.34804,774.2992,242.20164,0.9503523,0.6898142,2.0|2.5890698,181.13495,83.44047,235.75157,0.9754165,0.6357541,2.0|
737.43463,193.21008,999.3611,339.00894,0.9998275,0.99921393,2.0|704.4792,183.19312,777.5389,249.63185,0.99166554,0.94234455,2.0|-0.34941137,179.52278,56.548325,237.38103,0.8685397,0.8544939,2.0|
755.42633,202.92592,1093.4558,366.93866,0.99953187,0.9989324,2.0|707.27264,187.3172,793.57776,257.65555,0.9922645,0.84400755,2.0|
769.4479,209.10907,1247.3718,382.69736,0.99952793,0.9984793,2.0|712.4519,185.4087,806.9139,268.19394,0.9960381,0.90647876,2.0|643.9446,171.13438,676.3073,202.2793,0.8170763,0.47227803,7.0|
793.74084,213.47081,1237.3033,388.9979,0.99867934,0.940282,2.0|707.4788,186.82271,819.7164,275.04608,0.9964645,0.8146635,2.0|
864.5887,222.29832,1238.1733,394.21002,0.99667776,0.9913032,2.0|723.58954,175.8995,839.3418,283.86426,0.99293447,0.77894664,2.0|
944.22974,253.84906,1236.3129,388.88983,0.97965425,0.9984817,2.0|730.8848,175.05663,860.7729,294.89914,0.99646264,0.88063174,2.0|46.640034,189.17216,155.5476,226.21608,0.8431123,0.9498226,2.0|645.5544,179.70193,676.5947,206.08397,0.85435784,0.8654608,2.0|
735.56635,176.95766,897.96295,306.51743,0.99937135,0.98627186,2.0|24.32776,188.57431,133.67305,229.81325,0.9616603,0.9444527,2.0|637.6746,171.80702,673.255,205.05281,0.86410046,0.5386159,7.0|
761.6781,179.20241,955.09296,334.58698,0.9964939,0.9829285,2.0|2.9636965,190.02379,106.69385,231.68997,0.9616009,0.96760935,2.0|
772.3577,188.0582,1030.0623,369.0759,0.99261874,0.98556733,2.0|2.2869554,192.58708,79.933136,236.54984,0.86498857,0.97751975,2.0|644.1991,182.20848,678.0341,210.03598,0.94586885,0.81386054,2.0|
783.4922,193.731,1145.5702,382.0184,0.9997003,0.99935883,2.0|
861.35443,198.73488,1237.056,393.2144,0.9984567,0.99795413,2.0|643.70514,185.61139,679.28656,213.44336,0.83027196,0.6163216,2.0|
953.1926,206.3046,1234.7089,386.21796,0.9620098,0.9866898,2.0|643.3637,183.11473,679.1043,213.15558,0.92759615,0.77203256,2.0|
642.7117,178.7539,684.70807,212.48595,0.92524457,0.6037231,2.0|
642.5647,180.08258,687.6507,213.70436,0.8687973,0.70456713,2.0|
652.6081,184.28914,691.5188,220.81981,0.94773275,0.63956183,2.0|

656.7722,184.91731,699.243,226.37894,0.95768815,0.7130717,2.0|
658.2248,187.3592,703.9929,228.60481,0.9424516,0.8834837,2.0|
660.9717,182.49748,709.3415,228.58226,0.9106733,0.7674709,2.0|
659.3857,183.63147,720.7805,230.50842,0.9443321,0.87054604,2.0|
664.15546,183.70612,727.0835,233.57465,0.977518,0.8332893,2.0|
669.8785,186.55843,734.0328,237.27414,0.9910788,0.8946422,2.0|
679.0954,187.36357,744.6426,241.3836,0.9651055,0.82887715,2.0|
679.1152,185.2003,752.6641,244.56339,0.9925759,0.96768904,2.0|
684.402,190.30988,767.91626,251.59056,0.9977005,0.9714902,2.0|
690.64764,190.87778,785.71173,256.3124,0.9949072,0.9813054,2.0|
695.8348,188.74623,804.6803,264.3706,0.99745005,0.98290414,2.0|
706.22626,184.82417,821.0983,270.71188,0.9981598,0.9852374,2.0|
714.1193,189.91919,853.98645,282.0819,0.99535334,0.99591607,2.0|
726.1285,188.35094,892.8586,295.4347,0.99876595,0.99345857,2.0|
732.3264,188.43456,942.37494,320.71774,0.99889046,0.9885705,2.0|
747.5307,183.54002,1019.5555,340.33463,0.9990637,0.9918887,2.0|
760.1688,187.20667,1145.9314,375.32538,0.9993037,0.99842644,2.0|
786.8114,192.42017,1253.7759,392.35446,0.99844754,0.9984491,2.0|
866.72437,194.31825,1233.3447,392.76468,0.9951485,0.9967855,2.0|
936.1834,214.45609,1235.624,389.35034,0.9955123,0.9975793,2.0|





652.4455,142.69373,715.41144,226.08319,0.833279,0.9676388,7.0|
649.83795,140.15619,725.4814,228.01282,0.9121875,0.9858301,7.0|
651.8771,139.29555,733.5467,226.59178,0.94004637,0.98295206,7.0|730.7562,106.38934,953.7222,303.91006,0.81330466,0.9898493,7.0|
654.43317,134.53366,743.85065,230.30818,0.9824349,0.98539716,7.0|742.52014,86.35475,1026.8285,332.8103,0.92152005,0.9939061,7.0|
655.9173,127.25316,745.26385,233.2458,0.9849386,0.9561041,7.0|
658.5804,121.154854,760.5361,232.46312,0.9898571,0.96943957,7.0|
658.60596,128.61133,769.5525,238.94763,0.9725972,0.9690467,7.0|
670.5886,125.16349,785.08514,246.6888,0.9887106,0.95873946,7.0|
672.2904,117.64944,797.89716,259.10602,0.9969901,0.98722804,7.0|
683.0135,112.334015,815.3382,258.77338,0.998075,0.9923423,7.0|
682.0663,104.25565,846.5115,265.12408,0.9906961,0.99359834,7.0|
683.96423,86.7129,882.84406,289.5635,0.9982337,0.98702323,7.0|
699.1831,74.898735,923.0691,304.69708,0.98563635,0.9979401,7.0|
706.5076,55.311333,999.7112,322.29987,0.99570614,0.9980465,7.0|
722.3244,39.146408,1067.726,343.72638,0.9991381,0.99962425,7.0|
732.48206,6.026159,1207.8937,381.10037,0.99820685,0.99753594,7.0|
745.55096,9.609189,1226.0527,379.88855,0.99241126,0.990918,7.0|
759.3532,1.1542863,1227.1245,396.4927,0.973643,0.99920386,7.0|
800.8641,-0.38778156,1234.7972,386.82657,0.9955788,0.99805117,7.0|
858.471,6.497742,1241.0388,394.63837,0.9913646,0.97775817,7.0|
998.33124,31.524742,1241.745,392.53607,0.9813023,0.8063588,2.0|784.8009,133.50406,912.1393,226.78986,0.92166674,0.7045723,5.0|


813.4806,114.27497,1039.2003,236.66827,0.8491293,0.91769934,6.0|
995.14,173.04738,1164.5405,271.9606,0.9749258,0.987089,2.0|690.05597,165.51434,718.49286,187.44278,0.8353464,0.9552866,2.0|828.58124,112.338936,1048.0325,237.95247,0.9302225,0.8007583,5.0|
1054.5419,170.76804,1232.4664,287.83066,0.98816454,0.99350256,2.0|848.36316,98.123024,1106.975,245.11267,0.9176383,0.8004905,5.0|808.1614,93.849594,1167.7979,248.22913,0.8342741,0.8530468,6.0|
1116.1605,166.95645,1241.8535,307.89944,0.97708344,0.98578507,2.0|688.96173,164.15395,721.1854,184.54018,0.93432355,0.98831135,2.0|854.26874,90.523476,1185.6147,247.1615,0.9122918,0.9885676,6.0|665.695,164.63573,699.18256,185.30556,0.8471151,0.9920779,2.0|
686.96967,164.3206,720.9576,184.91968,0.90146637,0.9694177,2.0|853.8413,88.77034,1242.915,267.34894,0.9436063,0.9157396,6.0|664.98267,164.17908,703.03754,185.13403,0.8162446,0.9787855,2.0|
688.0457,163.43625,720.8037,186.85626,0.9123162,0.9773032,2.0|922.93335,75.78141,1239.7823,280.64233,0.9647374,0.64737254,6.0|
712.1261,165.87883,738.41614,185.59746,0.9331196,0.9882563,2.0|667.76697,168.50371,703.1242,190.03358,0.8595957,0.9845085,2.0|971.23627,77.44724,1239.0298,296.98056,0.92668015,0.74976015,7.0|
710.56573,165.16791,738.6037,185.32425,0.90031534,0.9801688,2.0|663.96075,166.69804,710.3935,190.27693,0.88207656,0.9866044,2.0|1006.3568,39.55422,1233.8817,335.9843,0.93424475,0.8407701,7.0|
710.62787,166.07751,737.1202,189.16753,0.91313094,0.9681284,2.0|738.9069,169.58453,766.6619,190.21776,0.88838065,0.99163276,2.0|1050.6067,20.990137,1241.1671,322.53107,0.9087526,0.50084776,2.0|
733.60187,164.87411,771.0589,189.3846,0.9576757,0.99592954,2.0|676.58875,161.61214,717.1212,190.02852,0.83308744,0.9799223,2.0|711.36505,164.28087,739.5586,188.61026,0.8240553,0.98618954,2.0|

758.59467,167.03658,787.48413,187.41425,0.82681453,0.9825441,2.0|678.84094,162.1555,731.13776,191.35834,0.82898766,0.9774239,2.0|
714.1938,163.12657,748.5283,188.79341,0.8541107,0.914839,2.0|
754.8639,168.07373,792.836,190.40028,0.86493087,0.965353,2.0|
756.74335,165.37224,800.108,191.07129,0.8811375,0.9791823,2.0|
752.89667,165.63638,807.4027,191.93169,0.90078497,0.99128777,2.0|
821.5573,164.08322,874.69727,187.40993,0.9555959,0.98642886,2.0|753.20416,168.23392,810.80334,195.66112,0.86310315,0.9887583,2.0|
822.7074,161.5022,884.55707,188.83809,0.89943147,0.9374782,2.0|
771.0377,163.53989,819.9307,192.37337,0.9301228,0.97104365,2.0|824.0699,159.7501,887.0646,189.9732,0.87444395,0.94423944,2.0|
834.0419,159.10542,897.9137,191.11081,0.9628197,0.9761084,2.0|775.02527,164.16852,823.05426,195.87187,0.92866844,0.9786016,2.0|
840.5762,159.54105,905.3389,191.03397,0.9787654,0.9792367,2.0|778.23395,163.24538,833.4122,195.53261,0.9454855,0.9772841,2.0|
841.11896,159.7639,914.49493,194.39821,0.9670278,0.9821737,2.0|777.11475,169.70033,838.0331,198.92775,0.92928064,0.9880093,2.0|917.8292,163.21005,972.4016,189.59058,0.8701752,0.9923258,2.0|752.7102,164.06702,787.76776,191.89005,0.87416667,0.9331511,2.0|
854.0842,161.34052,919.95154,194.47052,0.9036694,0.990274,2.0|912.6864,158.41792,987.3818,195.15771,0.8615646,0.9914976,2.0|
863.426,162.54839,926.2373,196.71658,0.9587103,0.9863712,2.0|924.53064,160.0521,999.602,194.37851,0.8955697,0.99673945,2.0|793.54926,167.98479,849.4732,200.18459,0.88672704,0.97880155,2.0|
928.8829,158.34242,1009.73944,194.50314,0.9258597,0.99697816,2.0|857.5268,161.70322,940.1792,196.51575,0.91266453,0.9932079,2.0|1001.28595,154.02599,1073.8663,189.949,0.8886734,0.9959038,2.0|799.13965,166.98468,858.7148,201.01929,0.88258904,0.99248123,2.0|
937.17993,159.3693,1018.5428,199.20186,0.94941556,0.9887496,2.0|1007.53613,157.00145,1092.8656,193.81868,0.9236329,0.99265987,2.0|802.1395,167.21706,862.5752,203.65869,0.8668223,0.9671135,2.0|870.17883,163.0191,950.6812,198.98192,0.8158188,0.98090714,2.0|
946.00916,160.04994,1028.9723,199.90486,0.97006917,0.9938951,2.0|874.39844,166.24922,953.9046,202.23166,0.9062413,0.9858747,2.0|1018.1198,155.75485,1100.605,190.94884,0.8076696,0.9901091,2.0|
883.0236,164.28558,962.66705,202.3042,0.9681561,0.9854333,2.0|955.612,160.7378,1038.4321,197.88121,0.9366646,0.9940653,2.0|1024.8224,155.79823,1110.0831,193.47607,0.8874874,0.98307586,2.0|
888.1432,163.49907,973.771,200.70042,0.9298306,0.99058574,2.0|968.055,161.07382,1055.1013,198.37521,0.85333186,0.9947684,2.0|1038.1642,155.60432,1129.6517,193.35219,0.8310825,0.99045265,2.0|
894.9975,163.54503,983.4516,202.34604,0.97727513,0.9917365,2.0|973.2493,159.39296,1065.0416,199.41963,0.88780737,0.98992366,2.0|
900.03564,163.06953,993.8399,202.46732,0.9842584,0.97843415,2.0|988.8078,156.54866,1079.4335,200.27782,0.9178827,0.9910665,2.0|1055.8611,154.11415,1161.8127,194.42311,0.88262486,0.9920597,2.0|
908.72614,163.2746,1003.3579,201.29782,0.98644096,0.98951906,2.0|986.87726,158.43828,1091.4097,201.34541,0.93662536,0.9911704,2.0|
921.285,161.95877,1015.32404,202.73788,0.9891958,0.9907426,2.0|1011.3803,157.89377,1110.2609,199.80437,0.9083672,0.98339754,2.0|
925.3684,161.21092,1030.2004,206.17365,0.99321544,0.98693,2.0|840.7795,161.74382,925.1498,210.78442,0.97502387,0.95184606,2.0|1010.3662,157.83382,1122.1729,202.32388,0.8552996,0.9840667,2.0|
934.52686,161.62524,1043.8121,207.76291,0.98938555,0.9780888,2.0|1029.5895,156.2309,1140.4434,206.99329,0.9040645,0.97998625,2.0|851.62836,168.03336,936.2041,212.39195,0.9573634,0.87305677,2.0|1089.847,151.41588,1226.9958,201.86244,0.82909137,0.9843933,2.0|
944.21313,162.18346,1059.0938,211.08441,0.9969995,0.9865702,2.0|864.21576,166.17451,944.68713,212.81929,0.9520105,0.9739182,2.0|1075.0754,151.17299,1243.7659,205.58777,0.85579973,0.9807493,2.0|748.313,159.9478,851.1233,211.73518,0.8564576,0.7843165,2.0|
948.41876,164.49162,1067.9402,214.583,0.9962507,0.97143257,2.0|1059.087,158.03543,1182.5889,211.55714,0.943916,0.9803867,2.0|861.63934,166.27449,955.53845,216.92557,0.9796623,0.93340296,2.0|757.99207,171.2175,849.4117,220.4679,0.8400952,0.8982549,2.0|
962.52875,164.4894,1090.6205,217.15822,0.98422617,0.976786,2.0|1072.8197,159.99641,1199.6786,212.09908,0.9689808,0.97885853,2.0|877.9805,166.15372,965.14386,216.98079,0.9905297,0.9465834,2.0|
968.44226,163.55295,1097.2125,216.59354,0.99029386,0.98482436,2.0|1078.131,156.80281,1218.0249,213.42755,0.9816682,0.97627515,2.0|883.94824,165.23149,975.94415,216.81099,0.9892852,0.9641083,2.0|768.43274,170.72798,874.8066,221.02805,0.96811074,0.952493,2.0|
979.91364,159.91257,1124.4681,216.51059,0.998623,0.98648155,2.0|1099.9056,152.36523,1235.8951,208.85478,0.97676873,0.991812,2.0|894.98157,161.82948,989.6055,218.78244,0.99865985,0.96880674,2.0|769.7624,167.34915,876.0778,221.71669,0.86942554,0.9624717,2.0|
999.6477,160.62604,1144.5146,218.98282,0.9956632,0.9913864,2.0|907.7359,162.76022,1000.6885,219.63908,0.99181783,0.99092543,2.0|1121.1138,153.19174,1240.2871,214.8463,0.96829265,0.9889353,2.0|760.719,170.07513,895.261,228.3772,0.9529321,0.9745916,2.0|
1007.85443,165.27292,1160.0662,228.3233,0.9981896,0.9914541,2.0|911.93695,169.50246,1017.6377,225.8369,0.99763834,0.9628898,2.0|1127.6619,159.98222,1245.396,220.04088,0.9337022,0.99329585,2.0|751.5798,176.41124,900.5184,227.74727,0.8942079,0.960799,2.0|
1028.3585,168.49487,1173.468,230.09584,0.99862385,0.9953714,2.0|920.0947,171.45866,1034.975,232.99376,0.99454135,0.9872426,2.0|1145.8805,163.74738,1242.7578,227.44081,0.92426074,0.98124045,2.0|789.2255,175.78267,903.23065,230.23705,0.8718891,0.98086506,2.0|
1048.4354,170.8701,1199.6116,236.14095,0.9982509,0.9954639,2.0|941.89386,173.40959,1055.8789,239.50542,0.99816847,0.96394867,2.0|1165.1913,167.89375,1242.0242,227.23456,0.92955375,0.99272186,2.0|782.18134,180.39944,910.1722,236.15495,0.8890156,0.9661112,2.0|
1060.3696,175.95813,1232.0842,242.97601,0.9959709,0.99544996,2.0|944.16797,177.7055,1069.0546,247.03085,0.9992162,0.9796299,2.0|794.4131,181.64217,933.5348,241.81477,0.9794058,0.97161,2.0|
1087.1897,174.70622,1243.2523,249.14247,0.99433917,0.99126,2.0|959.2764,178.46335,1093.667,250.01314,0.9958891,0.98522735,2.0|817.87085,179.80508,946.2024,240.89684,0.87698686,0.98412955,2.0|
978.9521,176.26685,1121.4064,252.19948,0.9977575,0.9947054,2.0|1104.7709,174.3722,1241.5171,248.34166,0.98604625,0.9952626,2.0|827.09076,177.7894,961.7603,241.00739,0.8475855,0.9832628,2.0|
998.2735,174.56528,1152.1539,255.1177,0.99421114,0.9945292,2.0|1139.694,171.72469,1243.1968,247.60631,0.98406523,0.9944465,2.0|837.9779,176.02492,974.4746,243.3711,0.93422604,0.9941551,2.0|
1013.3396,176.09807,1193.4185,259.12964,0.9978148,0.9782612,2.0|852.24054,179.90646,991.7356,246.82962,0.91790813,0.9854739,2.0|1158.0758,174.37447,1241.4362,246.33246,0.8918277,0.9954853,2.0|
1047.1605,175.38306,1236.5477,264.5622,0.9981263,0.9949239,2.0|867.4118,177.83318,1013.81116,249.26646,0.9357366,0.97768414,2.0|
1076.649,176.13849,1241.7081,268.92734,0.9970053,0.98759437,2.0|889.3647,177.1904,1041.6445,253.51605,0.9852786,0.97479105,2.0|734.69543,178.81282,770.6898,213.57915,0.8170959,0.9893365,2.0|803.3674,180.66714,896.34155,235.68173,0.8234246,0.979916,2.0|
1098.4209,171.37537,1243.218,270.564,0.97686505,0.9945815,2.0|904.9325,174.38867,1069.1971,263.04718,0.9711402,0.98466116,2.0|
1143.3923,174.92543,1241.0424,270.9386,0.9780317,0.98471665,2.0|923.78394,171.2124,1107.6967,262.4591,0.90096,0.9431941,2.0|835.5381,179.3264,953.93384,237.78255,0.8233127,0.98795354,2.0|
1180.7217,163.66133,1244.0568,266.69348,0.96684265,0.99525416,2.0|945.6532,168.14365,1147.8652,266.21985,0.985297,0.96088094,2.0|607.3001,181.04396,644.7169,208.40988,0.88267475,0.95942116,2.0|846.9085,172.258,990.5307,238.2312,0.8342847,0.99622065,2.0|
964.8876,161.644,1181.481,271.13385,0.99598086,0.9915593,2.0|861.68256,170.71451,1017.2323,239.54991,0.94078445,0.9942668,2.0|612.0483,178.96175,650.0471,206.28494,0.8163828,0.928417,2.0|
989.5904,166.55339,1212.539,282.82767,0.97940457,0.90048987,2.0|887.179,173.48747,1042.7283,238.43732,0.8496305,0.98875076,2.0|
1047.77,164.5917,1238.4562,285.6443,0.9819681,0.93601054,2.0|
923.8983,166.2604,1143.3774,260.78506,0.97214836,0.98776734,2.0|1082.4895,162.79224,1237.9229,292.40878,0.9574728,0.9742367,2.0|
971.35394,160.55653,1218.4988,270.3024,0.9979869,0.99620676,2.0|1166.4279,163.02815,1240.9486,317.85483,0.9310177,0.9675968,2.0|786.5025,174.8008,872.24207,213.99788,0.8208484,0.99559206,2.0|
984.54816,159.85321,1242.6393,274.42844,0.9968438,0.9964546,2.0|794.65076,170.85826,895.10706,218.2082,0.8366321,0.9962878,2.0|
1039.7157,157.88348,1246.5453,270.899,0.98913425,0.97189146,2.0|630.13495,176.26048,668.93024,212.63976,0.9090533,0.9746251,2.0|794.0323,176.89288,848.6047,214.64557,0.8272854,0.9950512,2.0|
630.6592,173.35623,675.81256,213.83627,0.97765803,0.98610353,2.0|1082.8259,155.69612,1243.2104,282.76505,0.9764276,0.94908303,2.0|838.02136,167.21446,946.1577,220.52075,0.8187398,0.98714036,2.0|
637.52765,173.99188,680.19165,212.76512,0.91191375,0.89214945,2.0|
937.5729,165.5784,1034.8398,230.84743,0.91481245,0.9964665,2.0|833.2636,168.08456,961.86816,222.60307,0.899245,0.9761496,2.0|642.2121,174.70708,685.9085,212.23907,0.9150722,0.93021643,2.0|
964.5404,169.39313,1085.0836,234.85591,0.97549564,0.9973502,2.0|869.8474,166.97057,988.7136,226.38371,0.90030867,0.9916646,2.0|
978.5295,164.00383,1131.8795,237.00127,0.9550091,0.99627507,2.0|649.9877,175.96014,693.46594,217.76608,0.9642949,0.9731962,2.0|868.0958,165.54234,998.2262,229.08844,0.93750215,0.9900866,2.0|-0.073030524,142.83165,158.72235,253.13062,0.9278432,0.9634088,5.0|
886.4809,167.37318,1024.3226,227.56097,0.90707856,0.98265934,2.0|1131.7245,148.80234,1240.9431,257.65884,0.8902883,0.9906082,2.0|651.5473,173.21799,700.3515,217.81548,0.9642865,0.8913512,2.0|1011.5475,159.33138,1188.3549,242.79585,0.8157875,0.9956571,2.0|
1040.7941,153.02113,1242.0239,254.12296,0.9885738,0.97190464,2.0|901.715,167.82343,1050.5638,231.54141,0.93700486,0.96424186,2.0|652.5392,178.50154,704.29395,223.16206,0.9541653,0.8230708,2.0|
1062.4747,169.50546,1236.3975,252.24414,0.99499005,0.99057686,2.0|904.39825,172.7537,1052.8741,233.68024,0.9290537,0.9844321,2.0|986.96906,176.15884,1108.7092,239.60252,0.86111695,0.992892,2.0|4.1158147,188.94957,123.50947,255.06134,0.8675137,0.9779464,2.0|658.53595,180.41154,703.4404,221.59714,0.86451966,0.53889847,2.0|
1106.1266,169.88322,1247.938,260.05557,0.99155176,0.9925322,2.0|935.1281,169.95105,1100.3783,243.38693,0.9175045,0.96703357,2.0|1028.1732,177.6004,1145.9889,251.0928,0.89047223,0.99485296,2.0|659.12134,178.84003,709.9645,226.00969,0.85809016,0.45901945,7.0|
928.77356,167.59264,1134.7322,247.28271,0.978106,0.9538273,2.0|1056.8937,169.69856,1230.2238,261.2772,0.8677549,0.99144566,2.0|
1046.4889,172.39992,1243.0525,258.40894,0.9817479,0.9891439,2.0|660.5341,178.3476,719.9206,229.7356,0.9614207,0.76795685,2.0|
1050.7362,161.49365,1235.2123,256.33,0.9536677,0.9769011,2.0|970.09845,161.54617,1194.7341,247.32532,0.9349844,0.9830132,2.0|661.7582,175.57132,722.8197,227.25711,0.9070689,0.8580346,2.0|
928.8155,151.54797,1049.9398,212.47469,0.94106203,0.9672395,2.0|1088.9344,150.96956,1246.3848,258.50317,0.9770364,0.89662915,2.0|978.9354,168.2089,1164.7354,252.6087,0.82458025,0.9684705,2.0|664.95166,173.0331,728.7835,229.60063,0.9092126,0.618029,2.0|
1010.88635,164.59239,1225.7452,261.3626,0.98948985,0.9597394,2.0|938.6779,153.69669,1069.9856,213.61482,0.97739863,0.95285994,2.0|668.2352,176.26794,733.7757,234.68277,0.9631225,0.8159643,2.0|1156.5933,143.1167,1239.9021,263.06638,0.85449374,0.8970417,2.0|
1056.3535,162.03342,1235.7708,266.9306,0.99505323,0.98537976,2.0|956.9759,154.04417,1097.6979,218.43799,0.98189366,0.98853266,2.0|672.95056,174.14801,739.26294,235.07314,0.95568246,0.6177731,2.0|
1099.4458,154.24207,1240.638,275.67322,0.9910596,0.9779429,2.0|1004.61053,153.63031,1138.6091,219.72668,0.97963643,0.9800029,2.0|680.0416,176.07877,747.2268,240.76959,0.9846373,0.89596534,2.0|
997.6419,150.8438,1176.3152,222.77328,0.9243395,0.9714893,2.0|687.65936,176.76857,757.72546,243.22815,0.99272585,0.9040005,2.0|1165.8997,188.1716,1239.9332,270.8567,0.82992977,0.9591454,2.0|
687.89606,175.59613,766.5793,250.80165,0.9944377,0.87408227,2.0|666.76385,186.56248,689.9773,213.49086,0.8559909,0.9895643,2.0|1024.2242,144.7784,1220.2476,228.2373,0.94998395,0.88154393,2.0|
682.94965,175.14375,776.6482,252.946,0.9847084,0.832027,2.0|1037.4825,143.12535,1230.096,228.75493,0.843472,0.6668581,2.0|
667.3462,185.64648,698.30286,216.00688,0.90774286,0.98698413,2.0|691.81586,174.1049,786.63403,254.7499,0.9671487,0.8847628,2.0|
687.7997,171.76265,802.279,258.24017,0.96364427,0.8972032,2.0|
702.1209,170.21907,819.5823,263.51965,0.9925143,0.83919346,2.0|667.2935,186.86082,698.72504,221.75743,0.81985563,0.98516697,2.0|
703.5139,175.5481,843.7311,276.53308,0.9816898,0.81625473,2.0|
722.2118,186.07928,864.414,290.06342,0.99286216,0.9112923,2.0|
704.9799,204.14732,745.8945,265.0231,0.89912415,0.90689224,2.0|729.96326,184.59508,893.16205,304.57056,0.9879076,0.648807,2.0|
715.31165,201.22598,760.8504,267.12314,0.9168574,0.9953426,2.0|740.70764,168.89641,944.65137,314.60153,0.9959876,0.90949243,2.0|690.95917,195.39738,719.9205,247.8534,0.846205,0.994638,2.0|661.7866,189.82397,688.9514,228.14984,0.86444277,0.96638966,2.0|
757.93677,159.61719,1009.285,352.1316,0.99880743,0.9570593,2.0|726.43665,197.19173,776.25854,272.32373,0.9494363,0.99504244,2.0|665.4338,187.67917,692.0654,227.17671,0.8632471,0.9928421,2.0|
785.06366,153.77042,1122.5052,383.25873,0.99976236,0.99381375,2.0|665.5398,187.80775,693.20233,226.74632,0.9067968,0.99205434,2.0|737.848,199.86636,810.3327,293.92926,0.9012987,0.99286944,2.0|705.51746,198.50314,751.8425,255.76225,0.87190586,0.9954721,2.0|
807.41736,150.7644,1240.2075,396.20557,0.9996383,0.9906413,2.0|746.4616,198.8373,854.38245,307.75244,0.9514242,0.9973495,2.0|664.83563,190.69672,692.41437,224.23514,0.9286065,0.9942517,2.0|702.8239,198.27098,748.1871,256.6389,0.8631542,0.99602365,2.0|723.4526,202.43808,776.90454,266.68637,0.8123993,0.99713326,2.0|271.43216,195.2294,331.8334,218.85641,0.82399786,0.9747781,2.0|
772.0471,200.69518,942.18,337.97992,0.99300355,0.98565775,2.0|728.33624,200.16151,815.1767,285.57962,0.97741526,0.99759185,2.0|691.47626,195.95213,746.611,250.60724,0.97562927,0.99679786,2.0|664.1198,188.6715,693.6251,227.2104,0.94411117,0.9916521,2.0|857.34753,143.08128,1239.0737,389.79852,0.9717756,0.89690506,2.0|
774.93604,205.02522,1042.8153,367.6374,0.99681926,0.99618834,2.0|730.1869,202.07216,845.0899,291.44608,0.9917093,0.9941863,2.0|933.91046,158.17009,1231.1235,410.9643,0.9963297,0.98105145,2.0|694.7939,194.90059,759.4905,256.4831,0.979505,0.99638283,2.0|662.26996,187.9577,696.1245,226.98685,0.8755301,0.9894168,2.0|
839.72253,216.72787,1233.0326,382.7568,0.9984841,0.99798405,2.0|747.768,205.76924,874.5275,302.80084,0.98744893,0.99289507,2.0|699.6426,195.11183,774.42065,261.143,0.9512083,0.9887821,2.0|664.54645,188.08461,696.0254,227.9466,0.89339566,0.9865975,2.0|
848.30994,218.43703,1249.0017,398.2771,0.9970222,0.9952181,2.0|706.96594,196.40495,796.4695,268.4807,0.9897626,0.99358314,2.0|758.79895,208.14186,927.6787,322.73795,0.99519473,0.971782,2.0|675.11035,192.12831,723.83356,246.6953,0.9671098,0.99579656,2.0|
713.73926,195.75066,818.21967,278.15665,0.9932353,0.9886594,2.0|776.2663,207.14343,1033.8391,366.80984,0.988808,0.9901073,2.0|952.2415,242.30475,1246.2583,392.2767,0.9764292,0.9948455,2.0|673.6555,184.91663,740.20245,246.0764,0.9508747,0.98473513,2.0|
793.6275,212.78702,1150.1401,379.84512,0.9994454,0.9982153,2.0|725.7926,193.84853,851.1411,288.70612,0.99507314,0.98491585,2.0|682.3475,183.70863,762.32153,256.65088,0.9709406,0.9949858,2.0|
855.0138,225.7328,1232.2598,390.50208,0.9978708,0.997133,2.0|732.61615,190.21747,894.3326,302.74826,0.99792445,0.9908146,2.0|679.9937,184.38483,774.14606,261.19214,0.9921658,0.9940749,2.0|
748.9101,192.39871,967.3363,325.56213,0.9975979,0.9963212,2.0|913.0251,248.63608,1245.5245,395.70132,0.99280083,0.9936411,2.0|688.72736,182.42456,793.1319,271.02365,0.9898454,0.98687917,2.0|
758.3548,197.49843,1062.4344,362.93213,0.9982924,0.9976705,2.0|703.7662,178.18506,822.82764,279.9633,0.96049446,0.9900461,2.0|94.503395,184.93878,196.57623,223.22025,0.96474475,0.95797807,2.0|
795.9916,204.37526,1209.4858,396.0339,0.9996191,0.9956286,2.0|720.30884,188.9961,848.25385,296.45218,0.9984855,0.9679118,2.0|692.21545,178.01668,754.0201,238.98045,0.95728457,0.98647887,2.0|79.54108,184.42415,180.50313,225.9622,0.87757105,0.95655286,2.0|
846.03436,215.95398,1249.2286,393.2661,0.9989458,0.997242,2.0|725.7362,193.80492,898.68353,322.32767,0.99731475,0.99017555,2.0|696.2902,182.38547,765.9185,244.44923,0.98962444,0.979187,2.0|654.44916,178.44742,696.9004,211.98782,0.9095908,0.98802376,2.0|48.895138,186.99008,162.03085,226.07199,0.8784042,0.9661478,2.0|
735.8424,195.38683,993.40027,356.4869,0.99908376,0.9974644,2.0|946.7558,237.85684,1237.328,388.5712,0.9971917,0.99901986,2.0|8.98599,186.94435,133.85092,230.6788,0.99165595,0.9913396,2.0|695.9814,191.73413,784.5905,254.26324,0.98783267,0.9929737,2.0|651.7403,177.58319,702.0919,214.27345,0.91093767,0.98152775,2.0|
767.1909,194.43878,1134.8859,388.85547,0.9996904,0.9966917,2.0|710.0127,191.79341,810.94464,259.31726,0.99779224,0.98857135,2.0|-4.123078,185.05186,101.81903,234.58385,0.9945257,0.9644598,2.0|645.3414,178.3105,703.9297,214.71481,0.95413935,0.9887217,2.0|
799.95715,213.98526,1243.324,403.90176,0.9998977,0.99959654,2.0|704.26434,195.71219,846.6532,275.36554,0.9993568,0.99034077,2.0|-1.5806457,180.69559,76.6872,239.30208,0.946111,0.9558984,2.0|650.23,179.8899,708.2178,220.75366,0.8115879,0.947099,2.0|
859.6097,218.67259,1237.9197,397.45685,0.9992481,0.9982993,2.0|715.27783,191.98854,862.91046,280.06473,0.9967746,0.98624134,2.0|
720.5282,185.4705,904.46075,294.5057,0.99945897,0.9968747,2.0|651.4904,177.55305,713.6832,220.87111,0.90799934,0.94464904,2.0|
739.40497,188.86514,970.0635,315.74622,0.9996611,0.99731725,2.0|650.2276,172.93346,722.5859,224.9579,0.93974537,0.82111806,2.0|
754.41815,192.60324,1050.429,343.30853,0.9998932,0.9993988,2.0|653.23596,172.10591,724.62665,225.00934,0.92255974,0.7380068,7.0|657.04034,174.3189,732.558,227.90921,0.9200647,0.6024071,2.0|
771.9857,197.98213,1153.5303,377.61047,0.99969125,0.9989901,2.0|656.4932,174.59337,739.92847,230.48235,0.96593094,0.6293987,2.0|
821.9429,213.0594,1253.8761,392.19476,0.9998561,0.9992107,2.0|673.4064,179.58997,744.3674,238.31717,0.9807163,0.6992707,2.0|
876.7784,226.7923,1233.6345,391.0474,0.99937797,0.9986584,2.0|682.1525,185.05524,756.48474,243.36517,0.925042,0.9273438,2.0|667.19916,177.37021,752.72534,236.79268,0.8514673,0.71471876,7.0|
685.5686,184.51979,767.9347,244.47617,0.9709184,0.9449508,2.0|974.74414,250.96022,1244.6685,390.92676,0.8569735,0.9845078,2.0|
690.102,180.74722,782.6175,250.39348,0.9806143,0.92502654,2.0|
696.46136,178.67589,802.33105,252.45403,0.9869487,0.9461872,2.0|
705.87445,180.57283,823.42883,262.26773,0.99295866,0.9663454,2.0|70.58231,177.6938,192.73822,221.06123,0.86710584,0.9753053,2.0|
716.4485,184.81425,853.0898,276.1647,0.9973194,0.99659026,2.0|52.0124,179.56921,173.38968,224.52902,0.9630536,0.98326683,2.0|
724.0036,186.17114,885.5398,292.79834,0.9983309,0.9884071,2.0|21.244862,180.36612,156.1705,228.60284,0.9775188,0.98800117,2.0|
743.9648,179.50348,926.8323,302.75073,0.99807113,0.9943473,2.0|-0.2350974,176.556,131.42712,234.16861,0.9828576,0.97738385,2.0|679.71,171.71877,777.13086,249.59244,0.9141771,0.8401375,7.0|
740.8404,176.20445,990.1869,331.5678,0.9993594,0.998401,2.0|0.5141121,181.17537,93.455376,235.04527,0.9842631,0.96317863,2.0|694.8013,171.19643,805.2495,256.96277,0.9758386,0.7428141,7.0|
763.6807,182.57892,1067.397,343.75455,0.9998988,0.999469,2.0|708.6915,172.15771,836.92993,264.87924,0.803337,0.8012117,7.0|
807.55664,185.51666,1230.9393,392.35428,0.9998406,0.9988765,2.0|714.4081,174.63338,859.281,277.34274,0.98524195,0.6380127,7.0|
845.6556,197.33583,1246.6414,381.4079,0.99883264,0.9992538,2.0|697.5163,185.64407,765.2422,260.7607,0.91115,0.98531854,2.0|740.5321,177.78311,914.74805,287.88513,0.97804123,0.79601467,7.0|
912.91815,219.997,1236.393,391.10565,0.99946004,0.9995105,2.0|707.063,191.83606,788.1942,272.882,0.9758228,0.9778301,2.0|755.1356,175.54492,932.8756,301.86774,0.8514889,0.7882912,7.0|
792.52997,168.0757,987.43494,332.63654,0.9684967,0.93118024,7.0|719.5771,190.39145,812.345,284.16553,0.91060364,0.93657506,2.0|998.2026,266.30734,1239.3229,382.97214,0.8093026,0.9977385,2.0|
734.0752,189.1114,848.0514,302.565,0.98795754,0.9939937,2.0|839.4604,168.27383,1092.8304,365.7007,0.96301335,0.8813779,7.0|
738.63446,185.30045,892.2399,325.57446,0.9964116,0.99623704,2.0|
752.5877,194.82475,1006.80225,354.34766,0.9965513,0.9754263,2.0|
769.5604,195.59398,1149.6935,386.97632,0.99756265,0.9931571,2.0|
809.59186,196.40782,1243.3901,398.6944,0.9979151,0.9542865,2.0|
884.82495,205.86583,1223.1318,389.35126,0.9994253,0.9990119,2.0|






648.57477,157.82468,703.2659,215.74509,0.93819535,0.734919,7.0|
647.50165,154.29135,705.44806,216.6848,0.93831813,0.58620405,7.0|
644.9962,154.66525,712.82605,217.59192,0.9311454,0.8334959,7.0|
647.36743,153.698,714.83527,217.10664,0.97256,0.8311613,7.0|
645.4457,144.95142,720.43286,214.89319,0.98252916,0.8674922,7.0|
649.79333,144.09364,728.35535,213.474,0.9817768,0.9497963,7.0|
645.64655,146.54074,734.247,215.96904,0.97082955,0.960574,7.0|
646.807,148.01164,741.01166,221.86713,0.99181247,0.908644,7.0|
645.4084,147.84787,747.4771,227.46614,0.99337065,0.9378435,7.0|227.86449,183.16302,273.21024,211.83028,0.803494,0.98595536,2.0|
653.46954,146.33334,756.7893,233.46078,0.9960257,0.9318014,7.0|66.38826,184.06883,192.52429,227.54486,0.9309253,0.9434125,2.0|
643.33124,145.5942,764.16266,234.00725,0.9839791,0.92057955,7.0|197.5871,184.1443,250.47032,214.94122,0.8786528,0.9782633,2.0|
665.51196,141.92558,768.03033,230.59691,0.96047467,0.90677947,7.0|

660.18176,132.35905,809.2695,248.31557,0.9421279,0.87288773,7.0|127.90867,186.51865,227.78065,224.78864,0.83579326,0.9752406,2.0|-1.6532322,181.89777,102.713554,237.70767,0.89500016,0.88881683,2.0|
661.9683,131.79283,825.94446,252.8618,0.9794901,0.96783364,7.0|73.54107,183.48978,185.57452,227.45396,0.94383764,0.9728809,2.0|
44.256527,182.26375,163.65414,231.14114,0.95461696,0.9711718,2.0|691.44806,140.6805,833.8983,258.5907,0.92101246,0.96918833,7.0|653.20374,170.50107,699.17084,218.40166,0.88622886,0.789021,2.0|
690.7925,123.76536,892.56,262.6937,0.9499138,0.9853593,7.0|19.052069,181.32982,137.90254,231.59303,0.8460819,0.9683537,2.0|
6.3789415,180.33958,105.352196,233.66034,0.8631616,0.94192946,2.0|
678.45593,94.76459,967.58954,293.52603,0.91108024,0.99396956,7.0|78.20864,180.6367,185.55232,220.89622,0.9023136,0.9900017,2.0|
46.016926,183.73645,164.61111,222.9585,0.94828725,0.9922482,2.0|689.54706,68.787,1030.6527,306.18982,0.9426115,0.9710399,7.0|-0.5872741,177.30725,53.919743,233.294,0.871162,0.9704305,2.0|
9.91683,178.87386,135.07251,230.29353,0.9618124,0.9930849,2.0|713.97327,39.47811,1121.9799,319.54968,0.921332,0.99438477,7.0|658.304,169.68094,721.1045,227.45688,0.8545601,0.77053714,2.0|
-2.740382,181.05925,100.08702,231.9315,0.97576106,0.9869265,2.0|711.7043,11.2411585,1233.8031,365.1794,0.98485965,0.97267693,7.0|
2.9231753,180.74521,80.68958,229.4217,0.81437236,0.96704,2.0|777.769,18.461342,1244.6085,374.51028,0.97977245,0.7698774,7.0|667.40955,167.57848,735.155,234.79318,0.8914284,0.72243464,2.0|
820.1427,22.133453,1220.3254,397.08127,0.9962245,0.87529767,5.0|672.17706,170.19022,742.0288,237.41074,0.9756763,0.77123916,2.0|844.6457,87.85093,1207.952,407.42108,0.83850986,0.4957404,7.0|
848.10345,8.710814,1236.7203,386.8958,0.99566513,0.95775867,5.0|684.6972,175.78699,753.7659,244.43471,0.93491143,0.7139375,2.0|673.5705,173.00941,748.06,243.2786,0.9199086,0.6428526,7.0|
682.8487,177.15244,767.2938,251.17757,0.9859557,0.78013104,2.0|943.88416,7.4038553,1237.1493,387.55484,0.9224992,0.56274253,7.0|
689.991,175.27206,774.8533,254.0825,0.9896597,0.78037876,2.0|
1061.5747,178.58835,1239.2665,276.89337,0.99426657,0.99394625,2.0|692.8354,173.25127,793.2282,260.05585,0.9982021,0.92331034,2.0|656.85675,181.31735,702.38007,228.47137,0.84319264,0.9292478,2.0|
705.0377,172.0313,818.2386,266.41708,0.9238182,0.82193613,2.0|1139.2878,165.77573,1239.4669,294.12714,0.8150628,0.93027884,2.0|
706.5223,175.09459,840.4324,273.75867,0.9989755,0.9444995,2.0|667.4787,179.88342,719.5554,238.68636,0.9663331,0.84904796,2.0|
715.29486,182.06879,862.17017,291.16782,0.99873155,0.95267326,2.0|667.5919,183.07468,733.1917,245.39319,0.96961045,0.8510327,2.0|
721.3293,175.74232,907.042,301.98032,0.99623764,0.9879224,2.0|670.8917,180.68076,739.9778,248.76971,0.9591174,0.8726399,2.0|641.32007,181.57745,671.43677,209.25237,0.81122404,0.97038406,2.0|
740.4512,168.41747,969.3605,317.5331,0.99911326,0.9954319,2.0|674.49243,178.02928,756.20526,249.9407,0.9755162,0.89621294,2.0|646.1391,180.73373,673.93097,206.76059,0.80295813,0.9929148,2.0|
750.0923,165.48485,1038.591,346.65692,0.9997712,0.9966916,2.0|680.7636,177.68448,772.74677,253.46625,0.9822245,0.9320159,2.0|664.1335,181.65414,692.00366,221.82127,0.90711826,0.9920533,2.0|641.2118,178.12848,667.65015,208.12044,0.81432974,0.992751,2.0|
769.6969,156.334,1146.7593,385.72522,0.9995116,0.97800726,2.0|657.9727,182.47473,703.8872,220.56062,0.95971054,0.9876823,2.0|688.27893,179.42459,791.21387,265.4782,0.97435015,0.80322474,2.0|
838.32294,161.01451,1241.1713,395.20212,0.9991234,0.9786911,2.0|653.33325,-8.549402,1196.0283,220.61142,0.86227494,0.95985,6.0|701.88745,180.66058,800.68695,270.6162,0.9030381,0.81935906,2.0|
858.97296,163.51163,1235.1346,393.10788,0.99806136,0.99468094,2.0|656.025,-20.636223,1190.3872,234.27022,0.9275307,0.9145852,6.0|
888.1047,173.34012,1224.2908,388.21405,0.997656,0.9968721,2.0|734.02094,197.58574,918.0434,302.56314,0.96570724,0.9429616,2.0|645.288,177.92258,669.15985,195.45062,0.8819484,0.9714003,2.0|
673.1436,180.10721,741.0073,231.61757,0.9490406,0.9898544,2.0|725.34283,176.41898,862.6679,278.75323,0.88177764,0.96759486,2.0|647.802,175.14297,675.0846,200.08812,0.8219503,0.97424364,2.0|
672.4675,181.7202,755.16394,232.37624,0.9604234,0.99196285,2.0|739.5482,176.68723,891.9774,296.40405,0.98222244,0.9585865,2.0|643.2514,175.21773,673.51636,198.62619,0.9014751,0.9925316,2.0|
758.2805,174.4646,951.44727,310.10214,0.9969614,0.9896792,2.0|681.77783,180.92369,773.5266,235.77582,0.9914989,0.99372685,2.0|644.1202,170.98299,675.8525,200.01385,0.9313964,0.94813794,2.0|154.73442,181.82317,260.1872,216.41452,0.875326,0.9902367,2.0|75.07823,174.95425,192.8775,224.5353,0.83058774,0.98011214,2.0|
773.6853,175.0476,1018.8066,351.16812,0.9983884,0.9856442,2.0|689.6311,182.84666,783.43634,247.74216,0.98140097,0.9881335,2.0|155.81882,182.45361,246.28998,218.26498,0.89427245,0.98376405,2.0|645.88354,175.39775,675.083,199.70796,0.86798966,0.9681179,2.0|48.85346,176.30035,187.71254,230.30487,0.9215657,0.90499836,2.0|
791.97644,173.49849,1122.4857,375.2288,0.9993331,0.9984029,2.0|704.2159,190.9201,797.3732,254.20467,0.991288,0.98927784,2.0|14.452385,183.91124,149.30617,238.06847,0.94732624,0.97701925,2.0|662.7619,180.06725,690.29407,214.47115,0.859156,0.98288983,2.0|
845.38513,180.81012,1241.319,396.60287,0.99917597,0.99920446,2.0|711.9939,189.05486,814.27405,259.3747,0.99186736,0.994381,2.0|5.3003144,194.37587,114.436966,241.1618,0.9667563,0.9904817,2.0|660.2666,181.75688,691.7143,213.29741,0.916972,0.95629007,2.0|696.00964,181.54558,746.6053,237.63037,0.84799343,0.9432327,2.0|
880.7384,183.18552,1225.134,399.045,0.9993839,0.99915814,2.0|724.876,189.76306,842.55365,266.83798,0.9980155,0.9967848,2.0|-3.4638941,187.20175,82.77395,242.68283,0.97035843,0.981026,2.0|661.661,180.67403,693.74005,209.84198,0.9556961,0.9909281,2.0|697.5153,180.38692,754.59326,237.45532,0.9214795,0.9471748,2.0|70.951004,186.64182,190.0191,232.58832,0.8592954,0.97417337,2.0|
724.6762,190.95753,870.16925,278.43777,0.99878865,0.9975222,2.0|979.96075,208.27051,1242.8827,397.52655,0.9912732,0.99908435,2.0|658.173,178.07794,698.76855,211.19545,0.9804915,0.98908246,2.0|704.1238,179.81497,761.6189,240.99988,0.9091681,0.9810477,2.0|36.153965,185.47688,172.1507,234.05559,0.8250095,0.978243,2.0|
742.37866,191.0566,902.19116,288.3073,0.9965391,0.99725384,2.0|9.090276,185.48161,146.83098,240.8453,0.9758371,0.9816409,2.0|660.64294,177.58565,700.5227,210.31488,0.97095346,0.9772825,2.0|709.79584,180.08772,793.25116,248.82848,0.8963371,0.988896,2.0|
756.6825,192.76593,955.8739,308.26886,0.9983967,0.99890006,2.0|716.471,183.11705,811.19775,257.6573,0.9569775,0.99536234,2.0|656.4966,179.10265,709.28064,214.57007,0.96390676,0.7364734,2.0|
784.20294,193.63567,1021.83636,327.41046,0.99898833,0.99961853,2.0|731.3009,181.85753,842.12177,269.75513,0.9961492,0.99090755,2.0|658.8574,174.64449,712.26306,216.35382,0.9899996,0.96844625,2.0|88.44853,188.75612,178.17043,227.60619,0.94933456,0.96561784,2.0|
795.70325,201.28989,1115.8912,355.94595,0.99984765,0.9991665,2.0|742.46826,187.84927,872.1969,284.0012,0.99699473,0.9852872,2.0|55.53129,192.72084,161.13562,230.32085,0.96683705,0.97949123,2.0|661.52386,178.58945,716.69836,217.44534,0.9812531,0.95413435,2.0|159.03928,189.57234,239.39072,221.82137,0.9044787,0.97273976,2.0|
843.53827,207.15527,1247.5414,383.8124,0.9998938,0.99961424,2.0|752.4388,189.86633,918.3008,293.32257,0.9974964,0.9958889,2.0|32.924652,192.94987,135.72751,235.21815,0.9577483,0.98531276,2.0|135.52095,190.32327,233.24329,223.81776,0.926188,0.97358036,2.0|668.0077,179.45076,716.1111,218.60884,0.8503991,0.9637707,2.0|
863.12915,222.0269,1237.5955,391.8935,0.99991775,0.9998534,2.0|765.93555,190.54071,965.6257,323.14514,0.9974547,0.99388784,2.0|7.8641696,192.25798,110.9268,237.26213,0.9797339,0.9946509,2.0|670.8186,178.86906,722.90265,223.92783,0.87770677,0.916196,2.0|103.801025,188.28285,213.53447,226.0243,0.8216071,0.9689626,2.0|
948.352,228.09453,1244.4443,394.05032,0.99468577,0.9985875,2.0|784.79315,189.60832,1044.0236,355.18475,0.99798477,0.9950583,2.0|672.7487,180.11777,726.45966,225.13116,0.97366774,0.8353554,2.0|
817.5858,196.6052,1179.2771,381.00583,0.99973303,0.9991146,2.0|44.69502,188.39574,168.57741,238.3806,0.96979403,0.97433895,2.0|670.2852,177.11243,736.9473,229.66139,0.9733916,0.7436711,2.0|
851.0772,199.22235,1244.6461,391.84738,0.99930847,0.99911755,2.0|14.282695,190.06131,142.28473,238.2062,0.9078771,0.996378,2.0|677.23206,177.10873,743.46204,228.21861,0.96674156,0.7729996,2.0|
928.92633,227.2662,1234.7013,393.05957,0.9977316,0.9994143,2.0|3.2228808,191.0016,113.96259,237.99864,0.9854253,0.99700564,2.0|683.6985,177.61833,750.87146,232.44241,0.9431342,0.91342366,2.0|
0.47030476,190.0156,86.1418,240.01064,0.96675193,0.9925828,2.0|693.3185,180.916,762.12946,238.62157,0.99119884,0.8556464,2.0|
693.1169,181.42496,772.79407,245.96567,0.9933276,0.87670976,2.0|
695.6851,180.62025,784.0819,248.20117,0.9890967,0.9466729,2.0|
705.3208,180.27095,801.6722,249.9543,0.9979608,0.96153563,2.0|654.3645,183.0059,702.55164,217.98453,0.87339336,0.9714356,2.0|
706.57904,180.33887,820.4776,260.5344,0.99851125,0.96099806,2.0|29.385723,190.29105,88.63198,224.37585,0.92256373,0.9694901,2.0|
716.82623,183.9243,847.4333,277.938,0.9993741,0.9870684,2.0|7.2847023,192.7714,68.46401,226.42114,0.9260367,0.97251576,2.0|
724.35504,187.06693,877.8221,285.15558,0.99828976,0.98004156,2.0|
741.0169,180.80867,918.1283,298.49396,0.99753547,0.99174905,2.0|655.1073,184.94153,709.451,218.22026,0.92628044,0.96134996,2.0|
744.0139,176.48143,976.86884,320.80624,0.9998024,0.9937908,2.0|659.289,182.63673,714.6362,220.61584,0.9725758,0.9763014,2.0|
767.6923,174.7642,1050.0491,348.1935,0.9999062,0.99936754,2.0|660.64777,179.5358,718.9785,222.88873,0.8356509,0.91103107,2.0|
761.682,186.17337,1169.4785,376.98138,0.99983716,0.9987318,2.0|669.45953,182.16264,725.842,224.40042,0.91229576,0.9562204,2.0|
850.186,179.34631,1235.8489,393.44437,0.9988393,0.99302375,2.0|672.7966,183.05879,731.2589,231.72272,0.85216,0.9378512,2.0|641.0074,184.98335,668.65674,203.437,0.80157804,0.99206674,2.0|
888.3258,192.11282,1221.3398,393.82684,0.9998037,0.9991584,2.0|671.7902,185.89944,738.0053,234.01422,0.9771961,0.96414167,2.0|
986.069,223.31883,1233.2333,395.94696,0.99508214,0.9962108,2.0|679.47656,184.89482,748.32025,236.99985,0.98393583,0.98439634,2.0|
687.9009,182.17493,755.8901,236.9502,0.99182886,0.97704107,2.0|
690.067,180.82552,767.56836,242.50377,0.99825567,0.992963,2.0|
695.2017,182.83592,781.48804,244.90578,0.9935129,0.9821291,2.0|
699.91156,185.29303,795.7253,255.26086,0.9886779,0.98433703,2.0|662.6898,183.8329,694.80554,208.16057,0.8393465,0.992137,2.0|
708.8471,185.60251,813.68567,261.02228,0.99769825,0.9799278,2.0|
712.3817,187.73279,831.9789,272.47464,0.9990785,0.99155784,2.0|
719.3054,189.6862,857.0142,280.70078,0.9982303,0.99552983,2.0|664.52545,185.1226,687.59033,208.24461,0.829876,0.97737825,2.0|
727.94366,188.61414,891.66797,288.2449,0.99774504,0.995184,2.0|
744.9016,191.21103,926.11975,307.4492,0.99884653,0.99952614,2.0|661.6523,183.2465,693.04144,213.31895,0.8694833,0.98689085,2.0|
749.2227,189.96172,978.45844,329.3669,0.999691,0.99980086,2.0|
762.01843,193.23141,1070.0818,361.6867,0.99900645,0.9995969,2.0|
794.2164,192.10858,1199.0663,396.15543,0.99974114,0.99975806,2.0|658.60895,179.99586,699.8637,216.40874,0.9472001,0.9386346,2.0|
816.59863,205.4285,1258.7095,393.06018,0.99901307,0.99857795,2.0|661.37744,180.90134,700.8547,215.0141,0.8402085,0.97687644,2.0|
862.5199,211.72102,1236.5459,395.529,0.9987317,0.9986777,2.0|663.7379,183.35757,701.90375,219.79184,0.88100535,0.71670234,2.0|
74.79277,202.62549,174.42723,234.24013,0.89418775,0.99611926,2.0|
50.784508,200.77434,160.345,236.13834,0.9368483,0.99615425,2.0|
24.406351,202.8753,141.08833,239.56456,0.9742657,0.9946209,2.0|669.1629,175.45224,722.4346,230.98488,0.90437955,0.8103769,2.0|
7.7140207,203.39581,118.419235,243.6335,0.9939067,0.9915284,2.0|667.86475,177.77264,732.15735,232.0994,0.8926002,0.7780659,2.0|




729.19904,190.7101,776.893,270.28918,0.8345853,0.496627,3.0|

765.7692,203.23909,818.6383,299.07886,0.91967875,0.6459271,3.0|
716.8244,180.38336,829.26965,266.0868,0.8703944,0.887424,2.0|
801.6431,207.76306,895.97284,331.64502,0.95496434,0.9516776,3.0|
824.91534,204.25327,955.80615,364.95108,0.9297727,0.9856376,3.0|639.0717,182.76073,669.41815,206.63622,0.8023583,0.9803514,2.0|717.2217,174.18697,881.9631,274.4315,0.8142897,0.92834836,2.0|
736.30066,177.78598,924.8886,294.79922,0.97490996,0.9764622,2.0|644.68463,187.7825,674.0104,210.04823,0.8924264,0.9683511,2.0|892.14667,226.64175,1049.8082,372.17224,0.89697087,0.72828084,3.0|
750.10077,172.69243,970.1951,307.35834,0.9908806,0.9835226,2.0|
757.31744,173.59367,1047.0802,345.3203,0.99807054,0.99822336,2.0|645.0347,184.05112,682.14746,212.05551,0.9320735,0.96314824,2.0|
749.8669,163.23973,1156.7821,384.50156,0.99961555,0.9990331,2.0|644.4094,180.87408,683.0117,212.42117,0.83169955,0.96770835,2.0|
831.0921,171.75304,1251.0656,398.21762,0.9999044,0.99964213,2.0|650.2174,180.86333,691.3311,214.68071,0.8803069,0.87670565,2.0|
844.88275,181.73672,1247.1741,390.06134,0.9993662,0.99952805,2.0|652.27045,180.86633,693.30743,217.58359,0.8459581,0.9486443,2.0|
928.80194,208.7404,1226.559,393.13226,0.9995993,0.99953914,2.0|979.05334,167.02264,1213.2999,250.34006,0.9586779,0.93833524,2.0|684.8799,164.4628,780.1412,252.94618,0.85191935,0.9798502,7.0|655.7857,179.9996,695.8913,219.61896,0.90953475,0.90433794,2.0|
1016.62756,163.4332,1231.6445,275.69156,0.9934315,0.99640405,2.0|1003.6132,246.99522,1243.3922,383.77655,0.90482664,0.9862997,2.0|652.327,181.03568,702.88525,225.76031,0.8158956,0.87471557,2.0|
1059.9941,170.57121,1241.0554,295.15457,0.9987803,0.95414704,2.0|31.982805,191.71594,87.80319,215.03499,0.85912895,0.9883456,2.0|650.3772,183.40086,706.79645,235.01564,0.9429384,0.5327179,7.0|
1122.383,168.6767,1242.6464,292.82196,0.9905738,0.9913066,2.0|8.257413,191.23602,75.73242,213.90446,0.8153917,0.98710537,2.0|653.79736,182.40941,717.5013,237.32768,0.97099787,0.61188376,2.0|
657.3702,185.26895,725.48865,239.24951,0.9811328,0.917692,2.0|-1.9659891,190.89366,58.978256,215.19806,0.8711199,0.99075794,2.0|
656.98346,182.83147,733.1924,242.50015,0.99483323,0.88261455,2.0|
740.3496,134.2148,931.23376,328.9099,0.9125612,0.99156547,7.0|658.5108,182.0346,748.01556,246.94434,0.99612087,0.84490067,2.0|
661.43774,183.09152,754.245,247.36443,0.99580127,0.8648933,2.0|
665.7938,182.11203,763.986,257.31302,0.98243594,0.6755221,2.0|
658.0878,175.83269,776.81506,263.2161,0.9807359,0.75757176,2.0|
661.6584,181.7298,792.9243,273.48547,0.9991848,0.900697,2.0|
677.2855,179.40625,799.93665,280.881,0.993429,0.91101897,2.0|
682.0954,187.27682,821.0184,284.9808,0.99272317,0.98522806,2.0|
685.6811,184.01079,840.85187,294.77075,0.9964311,0.9544435,2.0|
676.1532,181.1249,866.14343,308.76447,0.9989323,0.99440056,2.0|
699.7046,182.64015,914.8961,329.58276,0.99941254,0.99754435,2.0|
689.10406,186.03099,938.34,350.3464,0.99991834,0.9991862,2.0|
708.8263,194.15244,1008.7046,359.59363,0.9987941,0.9988059,2.0|
731.03754,190.97675,1089.4312,379.82718,0.9999424,0.99976474,2.0|
743.10565,195.10551,1187.0016,389.68546,0.99986947,0.99975735,2.0|
795.55206,183.67325,1223.7112,395.4344,0.9989743,0.96548504,2.0|
869.50116,189.99963,1231.5396,394.01236,0.99847156,0.99142843,2.0|
946.92334,202.11472,1227.8723,395.80295,0.9915337,0.9546688,2.0|
1043.3407,230.49126,1236.3281,398.13406,0.9187031,0.9919946,2.0|






51.349213,203.76183,161.60942,241.95547,0.8064735,0.9524447,2.0|


231.54367,200.72696,317.61737,235.96268,0.83827645,0.9711302,2.0|






605.97577,184.58429,659.0648,218.46448,0.8548675,0.96789116,2.0|






1022.93274,159.15695,1124.7888,203.64772,0.9602931,0.9833039,2.0|
1112.2145,153.2855,1224.9458,199.19653,0.982659,0.9879252,2.0|





-1.8447691,193.3434,97.35563,260.7922,0.9332394,0.9791269,2.0|
43.269714,194.46733,162.6976,257.0354,0.9857129,0.9890196,2.0|
106.75935,195.25545,230.63948,256.2609,0.9807982,0.9912292,2.0|
163.26505,193.1662,268.2138,255.84746,0.96759415,0.96943665,2.0|
214.71185,193.8509,332.98874,259.55063,0.9895355,0.9884437,2.0|
262.99265,194.46465,374.78598,258.69736,0.96700823,0.98541194,2.0|
310.72302,194.37679,407.17242,256.04297,0.9206075,0.9856667,2.0|

403.41943,191.55101,496.3351,255.93217,0.8122665,0.9713893,2.0|
443.74695,189.67935,540.81604,253.5257,0.92127603,0.9229934,2.0|
485.04047,188.87997,585.3022,254.29102,0.943189,0.9498752,2.0|
525.9967,190.75005,622.2868,257.09567,0.9042817,0.9837172,2.0|
556.7703,188.96846,678.04626,259.82367,0.9889376,0.9512016,2.0|
589.9601,189.49323,697.49097,263.9416,0.96144426,0.97523886,2.0|1073.171,187.29243,1152.1843,259.96896,0.8244204,0.9275632,1.0|
610.63464,187.14003,730.6228,266.75525,0.9417498,0.9803182,2.0|1156.2734,184.03386,1238.6093,270.99353,0.9476373,0.5741184,1.0|
635.37134,190.0821,777.3209,274.98633,0.989446,0.99419916,2.0|541.99554,183.50693,570.3263,202.4541,0.8876447,0.99106497,2.0|
657.48175,194.00156,821.7803,279.44998,0.99613875,0.9977558,2.0|270.02133,198.15982,314.57883,218.37186,0.85617924,0.9832201,2.0|
680.90875,189.61147,851.60284,287.0945,0.9967865,0.99498945,2.0|
706.67773,186.46216,900.46466,298.24316,0.9993554,0.99733377,2.0|
727.16,189.98837,934.25385,320.0868,0.9992933,0.99812335,2.0|
740.7344,190.44849,999.1853,337.6619,0.9994968,0.9986658,2.0|
762.33875,193.92104,1053.3616,351.96326,0.9993212,0.99542713,2.0|622.11145,186.28522,650.59607,206.84314,0.8367961,0.9435657,2.0|
794.3338,193.69995,1120.2224,377.88986,0.9998958,0.99920815,2.0|
826.5948,195.9554,1250.1815,388.47034,0.99995804,0.9995142,2.0|306.9563,194.39949,342.69647,213.95634,0.8714476,0.9901282,2.0|
857.8792,207.11385,1237.3225,398.17383,0.9992969,0.99919575,2.0|116.21654,201.0121,197.34981,235.15935,0.8590508,0.9867057,2.0|
900.96277,216.18437,1221.8934,387.76868,0.99918205,0.9966768,2.0|
955.62946,234.46677,1238.7593,384.97427,0.98473537,0.99732107,2.0|
65.86245,200.99324,155.669,243.41716,0.93577397,0.99050575,2.0|849.29767,172.40215,943.8357,236.83876,0.8191351,0.82925415,2.0|




641.46936,184.4121,673.0759,207.47661,0.89394087,0.96688473,2.0|
935.90027,155.41974,1089.7399,213.65579,0.8635118,0.89869136,2.0|
948.7074,163.37033,1105.0266,219.00162,0.94563234,0.9812329,2.0|
974.22076,167.94833,1144.9663,220.80142,0.9582943,0.9828948,2.0|643.0073,180.40959,683.8829,211.34836,0.8550073,0.9677739,2.0|
1013.498,168.73837,1212.6754,222.46179,0.8665042,0.9647026,2.0|
1030.5345,161.96382,1230.3562,229.89766,0.8992797,0.93625927,2.0|1024.7472,144.36908,1231.2809,230.38434,0.86943656,0.6553519,7.0|
1050.5557,162.66765,1243.0323,231.21544,0.99181753,0.97409207,2.0|
1091.8983,162.99028,1243.374,237.74396,0.99175584,0.94229907,2.0|
1128.819,158.79361,1240.0682,238.68962,0.99313366,0.99102473,2.0|
1181.8004,160.2474,1241.9667,245.3739,0.9405583,0.9036992,2.0|


52.93008,213.76682,147.69693,253.9123,0.9213026,0.98586833,2.0|
25.335396,216.02333,131.58821,255.69975,0.9459217,0.9862346,2.0|
660.9044,192.57617,739.01385,243.61748,0.8923751,0.98258454,2.0|-1.1071051,218.49612,108.49432,263.17932,0.85164326,0.99428153,2.0|
661.13574,193.02344,746.604,244.184,0.9804221,0.9695896,2.0|1.2515626,213.40001,83.95992,263.45667,0.923773,0.9917788,2.0|
671.93475,192.07718,760.03076,248.32016,0.98053944,0.9750293,2.0|1064.8734,199.47112,1149.0463,259.12463,0.8318663,0.7472569,1.0|
682.6532,191.13983,773.495,255.77986,0.95160854,0.9776298,2.0|1129.0691,193.45885,1223.4323,270.87677,0.9222395,0.878444,1.0|
689.9202,193.9302,785.3661,258.17047,0.9802762,0.9868613,2.0|668.07874,198.73885,699.5716,238.64243,0.82079744,0.99546343,2.0|
696.94934,196.89784,806.01636,266.5138,0.99683183,0.9836475,2.0|670.006,207.12642,700.07935,243.97308,0.8078591,0.98627114,2.0|
707.626,195.62602,824.9142,277.56012,0.99762934,0.99018425,2.0|682.8262,203.99881,716.8962,249.47021,0.9076463,0.9969206,2.0|
716.3986,195.47058,855.92505,284.40265,0.994689,0.9932534,2.0|681.6151,195.74791,729.8063,252.30605,0.909514,0.9824755,2.0|
734.4521,197.23965,893.0575,299.51797,0.99837494,0.99803346,2.0|701.7273,199.23436,750.9857,258.20255,0.8815727,0.99483705,2.0|
756.553,193.91644,949.7845,318.3252,0.9992549,0.99824905,2.0|702.601,196.66916,773.2934,265.7853,0.90552914,0.9723638,2.0|
767.97754,188.31451,1034.3359,348.07224,0.99989057,0.9980494,2.0|712.4149,194.33154,806.999,275.9331,0.99165666,0.9834288,2.0|
787.0569,186.43776,1138.877,383.01846,0.99998033,0.99974316,2.0|722.2848,191.63228,846.7185,285.29843,0.99689084,0.996558,2.0|
834.6688,185.2248,1255.5668,388.67975,0.9998293,0.99977535,2.0|731.65826,179.79358,888.6716,297.41937,0.99894875,0.99793696,2.0|682.7662,178.2705,773.306,257.48523,0.8128635,0.9908179,2.0|
882.7189,195.60275,1223.0902,394.6336,0.9998648,0.99932706,2.0|740.5009,180.0474,958.9334,307.8494,0.9997508,0.99897194,2.0|692.0643,179.39427,791.64154,259.35098,0.98861,0.9960187,2.0|
767.23456,174.52208,1030.8079,341.80902,0.99993026,0.9996904,2.0|1013.6327,233.65057,1242.4875,386.29398,0.9817795,0.99404657,2.0|696.6736,172.60298,810.0475,267.03333,0.96033514,0.9448978,2.0|
784.0741,179.41759,1144.6233,375.9529,0.9999851,0.99992275,2.0|710.7482,181.25148,844.91504,277.9188,0.9977896,0.9910458,2.0|
848.736,188.49751,1238.6681,388.12503,0.9999261,0.9998727,2.0|727.0905,178.3588,892.5825,299.75378,0.99720263,0.99571323,2.0|687.84143,176.07462,771.5785,251.63489,0.922703,0.99434847,2.0|
881.5397,209.61626,1227.9917,398.61465,0.99987376,0.99933344,2.0|738.23865,179.66734,971.50256,322.81015,0.9993716,0.98627347,2.0|694.4789,174.02762,790.6489,259.67776,0.9862045,0.99156475,2.0|636.4671,174.33386,672.6392,201.59593,0.8368811,0.9792215,2.0|
763.3569,173.40468,1048.6212,354.00516,0.9998312,0.99911195,2.0|968.9249,234.44797,1233.0505,400.40332,0.9879131,0.996777,2.0|700.95294,171.6808,812.836,277.60883,0.997244,0.98019123,2.0|
798.8675,164.80469,1206.647,389.76923,0.99988747,0.99990606,2.0|710.66205,176.63248,844.3547,283.7872,0.99782985,0.9629448,2.0|
807.76514,170.25919,1243.2141,391.063,0.9995963,0.9994863,2.0|710.7527,175.5125,910.2993,302.65384,0.9963672,0.9937111,2.0|82.812904,192.01335,230.93227,241.7704,0.88581455,0.99160975,2.0|
872.94977,190.96642,1229.9927,398.3361,0.9998116,0.99974924,2.0|715.94727,165.22722,956.14966,321.51135,0.9999155,0.9985669,2.0|
747.5122,160.68895,1041.6835,354.0505,0.9999082,0.9995103,2.0|
771.8619,162.29306,1167.7051,382.88535,0.99994326,0.99954176,2.0|
844.6223,162.16583,1239.8105,382.176,0.9997323,0.9994487,2.0|
881.2772,159.85703,1221.6338,390.92523,0.99838483,0.99693954,2.0|136.21689,190.13385,227.47649,231.94885,0.925586,0.98372734,2.0|
1005.5874,209.57088,1241.9783,391.6702,0.9904565,0.99851996,2.0|112.76625,191.26193,209.79282,232.47482,0.95512587,0.9794281,2.0|

1165.5671,150.56361,1242.7405,216.36003,0.9184114,0.97796625,2.0|55.47458,195.26118,182.53705,240.53444,0.8784669,0.9951357,2.0|654.065,179.82976,704.8876,216.69182,0.88600254,0.9421239,2.0|
21.40423,191.59048,153.99332,244.56529,0.82061476,0.99298143,2.0|
-2.1029036,188.929,135.31058,257.0878,0.9070851,0.9910727,2.0|651.3831,176.0713,722.79956,222.25845,0.81964153,0.8682042,2.0|
653.5506,176.79903,732.0892,228.52446,0.88789994,0.8877405,2.0|
660.8069,178.87376,744.174,230.06763,0.81463766,0.93856525,2.0|
670.56445,176.45448,758.2656,228.1618,0.97566766,0.9749077,2.0|
671.43524,175.40617,762.12103,232.61534,0.9798458,0.96376747,2.0|
680.1964,177.50917,775.19104,240.57751,0.97727054,0.83905673,2.0|
688.1079,178.39453,789.84717,249.81075,0.92755735,0.96429414,2.0|
689.5676,176.68773,811.90955,251.9764,0.9795615,0.9506261,2.0|
703.38104,174.57613,829.8484,258.13263,0.9902862,0.98727846,2.0|
715.0928,178.13174,863.46405,270.82678,0.97642285,0.9881578,2.0|
724.605,177.33066,901.49207,282.46774,0.99899894,0.9886015,2.0|
749.9169,184.4255,955.9676,295.28534,0.99856406,0.9984012,2.0|
770.5141,172.48608,1036.0112,323.4423,0.9998627,0.99832803,2.0|715.9779,176.66328,814.6512,264.5942,0.993089,0.99410266,2.0|
792.6873,169.23912,1132.0143,364.9308,0.99992394,0.99941576,2.0|726.45557,172.66849,853.45605,273.6937,0.98699176,0.96572655,2.0|691.82733,175.51456,757.63794,240.42596,0.8997679,0.97353065,2.0|
833.502,181.9883,1255.103,386.9448,0.99992526,0.9996679,2.0|728.8943,173.02855,906.4702,294.72696,0.9992471,0.98653597,2.0|690.2087,175.85841,772.1485,242.04109,0.963539,0.9907873,2.0|639.4236,167.92389,664.28564,191.04721,0.8068124,0.91936326,2.0|
863.944,196.92857,1233.9897,389.9823,0.9980902,0.99868804,2.0|751.67725,166.2139,965.0226,313.4299,0.9978635,0.9891236,2.0|698.8328,171.6874,798.198,258.62558,0.991926,0.9907528,2.0|
933.3833,206.76031,1231.6581,398.20172,0.9991703,0.99931633,2.0|756.1115,162.21245,1053.6592,340.84845,0.9994236,0.99187064,2.0|709.4602,176.07185,814.0295,264.5447,0.97983927,0.9929438,2.0|
784.09863,158.73474,1147.0422,364.1821,0.9999484,0.9997485,2.0|705.80756,170.65784,842.82434,261.4777,0.9985788,0.9928646,2.0|
852.83527,154.32812,1240.1802,381.13986,0.99984145,0.99940896,2.0|715.0814,169.55872,872.9858,280.7257,0.9996618,0.9991647,2.0|
718.51447,176.71982,921.65857,296.73154,0.99975365,0.9992841,2.0|881.8905,157.21495,1225.7943,393.3809,0.9987031,0.99632025,2.0|
741.84534,166.59772,983.8068,318.1174,0.99961936,0.99855286,2.0|975.97345,187.25826,1235.282,396.86743,0.99270356,0.9980867,2.0|633.2275,164.65448,669.675,193.01657,0.86544245,0.88120186,2.0|
769.8718,170.65706,1051.8319,350.85403,0.9999213,0.99809724,2.0|636.99585,162.38597,668.8662,193.07976,0.8880913,0.71176434,2.0|
813.5323,173.22946,1194.8385,387.89325,0.9999343,0.9996025,2.0|
840.64703,176.76306,1245.1207,398.9273,0.99943465,0.99895394,2.0|636.5461,164.36848,670.7624,193.38123,0.8519782,0.7963839,2.0|
887.98016,198.60588,1221.6763,393.90112,0.99903727,0.99952984,2.0|636.5219,163.84569,671.21075,192.10107,0.84465206,0.835314,2.0|
968.5652,222.75087,1242.0225,395.72955,0.99077106,0.9973707,2.0|










654.92365,184.69171,702.38995,215.0477,0.80814046,0.9693662,2.0|
1055.6927,134.0481,1234.1798,224.65378,0.9083051,0.82838666,2.0|
658.87067,175.98695,719.4735,223.34628,0.9046668,0.9497512,2.0|1087.8665,126.06874,1241.0516,228.94687,0.93761164,0.8008764,2.0|
651.52106,172.76471,723.2665,229.6522,0.83036494,0.8004609,2.0|1135.4188,122.0012,1242.5828,234.23508,0.9284257,0.6994335,2.0|
666.07806,176.43523,733.9558,229.33704,0.9378254,0.9449048,2.0|1187.2876,119.5329,1242.9186,239.19383,0.8388095,0.8221036,2.0|
666.47516,173.11981,743.4311,231.31618,0.8816553,0.9509829,2.0|
669.8583,166.86755,752.2796,231.78325,0.9431349,0.85792273,2.0|9.980737,201.54257,116.70527,251.38791,0.8056531,0.9920942,2.0|
679.1856,176.10034,766.26154,238.40294,0.97238874,0.8917113,2.0|
684.02325,169.01558,776.47876,245.04826,0.95676225,0.58228195,7.0|
689.9591,175.50964,789.66455,252.42667,0.9053092,0.908257,2.0|
696.7212,175.35678,813.08636,255.5688,0.9901092,0.9773276,2.0|
693.947,175.04207,837.15735,263.1152,0.9941837,0.99438137,2.0|277.2747,198.78441,318.1904,221.84642,0.88195664,0.97509676,2.0|
712.69714,179.05994,859.3965,270.5959,0.99851793,0.9917373,2.0|
720.1604,175.83492,893.35474,288.51822,0.99979275,0.99384815,2.0|256.48465,197.00963,306.61722,224.14273,0.80543345,0.98908013,2.0|
729.65857,174.10158,936.3523,302.00616,0.9986424,0.99938965,2.0|
741.39026,166.19377,982.19226,313.14877,0.99983716,0.99868757,2.0|
769.07635,167.30518,1059.3478,346.76428,0.9999336,0.99958307,2.0|651.701,184.90816,706.5629,217.43767,0.9448105,0.96874946,2.0|
803.41724,166.34604,1200.4304,389.92313,0.99993634,0.9995696,2.0|204.62349,204.5853,258.04678,229.78098,0.87175506,0.9801942,2.0|
846.3103,172.37839,1236.8795,389.8426,0.99966395,0.9982778,2.0|180.96594,202.32304,259.3149,231.22922,0.83901376,0.98377925,2.0|
871.6166,168.91663,1230.6074,401.9355,0.9986873,0.9944372,2.0|163.70247,202.76596,238.93788,233.8959,0.9201217,0.9815408,2.0|
958.7127,175.12344,1231.1383,402.49976,0.9961851,0.9976949,2.0|148.74286,207.70975,218.38274,235.16217,0.84763885,0.990582,2.0|
133.86423,203.13794,212.73741,234.69687,0.9286529,0.97419816,2.0|
114.38188,205.14891,199.67105,237.88815,0.9478301,0.9897592,2.0|
95.62773,207.25565,178.51762,238.83633,0.95279366,0.9917773,2.0|674.18524,177.3971,754.89746,232.6179,0.97097474,0.9268057,2.0|
62.147305,207.8221,161.1523,245.8367,0.9908641,0.990798,2.0|673.4042,180.25204,759.39545,235.62143,0.9759329,0.83692414,2.0|
32.468285,208.49759,140.28035,250.89586,0.9798356,0.9904184,2.0|685.8806,184.96689,772.0323,242.93651,0.9343533,0.9781085,2.0|
2.8754053,209.34988,121.06831,255.46161,0.9863572,0.9907506,2.0|690.7887,182.91956,787.52484,248.12357,0.9821759,0.99086726,2.0|
699.4817,177.74055,802.0015,255.46584,0.9577322,0.98606825,2.0|-1.1646382,208.16695,95.75129,261.82303,0.96699744,0.9700123,2.0|
705.14386,184.43198,825.50555,261.24,0.993636,0.99701214,2.0|
712.7506,188.91606,850.5001,274.55344,0.99934274,0.9985378,2.0|
724.6241,183.93709,889.9316,289.77426,0.9984205,0.9955598,2.0|
719.0093,182.47372,924.31274,302.1608,0.9998235,0.99808455,2.0|
735.999,191.35432,983.6694,327.83047,0.9997669,0.99857914,2.0|
750.1007,188.75087,1070.6365,350.47705,0.99980754,0.9996158,2.0|
796.5752,193.47823,1183.9457,382.56537,0.99986124,0.9991811,2.0|
848.09644,192.03008,1229.6046,384.12515,0.999826,0.99977773,2.0|
878.2485,206.03009,1224.185,390.8747,0.9997969,0.99968517,2.0|
948.44305,234.20404,1242.6888,395.92145,0.99778014,0.99891603,2.0|
228.9242,192.98184,281.06613,227.1214,0.86935353,0.99386346,2.0|
-1.0021887,202.29756,96.38717,265.6956,0.9153605,0.94028956,2.0|

















-4.520299,188.98917,64.49616,226.80437,0.8221098,0.98711073,2.0|













682.0178,-12.839351,1254.6543,384.28708,0.8510163,0.9547887,7.0|
745.2835,3.0848637,1258.2439,396.40015,0.8664753,0.98731494,7.0|
765.7151,31.667082,1198.6111,387.26584,0.86294526,0.9871027,7.0|
754.7202,-2.1215324,1235.4467,398.2494,0.82019866,0.4792983,5.0|


863.18195,-7.4652615,1231.4238,404.42996,0.99427104,0.89966685,5.0|
911.5851,-16.676064,1232.098,412.09393,0.99032813,0.97687566,5.0|720.41846,210.6587,749.54333,254.96584,0.85205495,0.88957864,1.0|
984.8139,-7.913174,1238.5762,389.6717,0.9948377,0.986925,5.0|


752.4029,215.40793,788.38885,286.4136,0.8068436,0.9704475,1.0|
763.81793,213.25768,801.1149,287.67642,0.8174261,0.90461653,1.0|


808.8065,226.21886,854.6899,315.14185,0.8894809,0.99100643,1.0|
824.20404,230.98425,881.37823,326.79163,0.84533787,0.9871338,1.0|


889.2366,245.38145,1012.1091,376.4257,0.9802439,0.9656136,1.0|
927.8738,260.8084,1056.9683,386.125,0.9608728,0.9974607,1.0|




















576.9084,178.42976,592.63135,189.4557,0.81553996,0.96157706,2.0|








576.0823,172.92184,593.00574,185.90004,0.8528022,0.96115905,2.0|
577.755,174.03311,594.161,185.90291,0.889533,0.97138864,2.0|






615.9768,104.45772,708.27966,198.60164,0.80609846,0.4161986,6.0|








656.9062,157.43234,736.62964,210.31265,0.9068007,0.7825177,7.0|

620.0023,172.29044,638.6676,189.13335,0.82081735,0.80823874,2.0|

678.4522,147.12306,776.19116,216.61394,0.82774323,0.77071714,7.0|
677.93304,142.77943,779.8666,217.85593,0.9518004,0.8033441,7.0|

689.6887,138.68996,802.58765,223.07904,0.91875106,0.9363618,7.0|622.9291,172.80371,645.5991,195.21611,0.8343227,0.7393961,2.0|
696.72595,133.88774,812.8927,225.14676,0.9481183,0.9698841,7.0|622.90485,176.23712,641.82416,192.61185,0.8127397,0.7518094,2.0|
663.72504,172.61436,697.2789,197.84064,0.8338997,0.9586609,2.0|621.5189,172.27925,645.69867,192.06085,0.8183964,0.7173255,2.0|
664.2764,173.62808,693.25476,199.22331,0.887746,0.9366648,2.0|621.5579,170.82344,646.21094,191.78467,0.8819116,0.7618634,2.0|
715.505,119.75326,900.6754,240.43434,0.94236594,0.98624927,7.0|666.50586,172.56165,691.74554,198.78008,0.84085834,0.95336497,2.0|621.7768,169.88414,645.3617,191.97389,0.8339787,0.7131163,2.0|
711.2209,113.21591,955.0511,248.61276,0.9591401,0.9940832,7.0|663.0961,171.38287,697.94775,201.80663,0.9604784,0.97559863,2.0|621.8704,169.9694,647.53284,196.52309,0.9732151,0.8766013,2.0|
722.9252,122.10167,944.855,256.58472,0.964731,0.9877395,7.0|659.23553,172.84068,699.25464,202.47005,0.9399939,0.9926521,2.0|619.0025,168.30356,647.5611,195.58482,0.9528228,0.9025875,2.0|
738.386,116.84875,967.3028,261.4034,0.9212651,0.95701075,7.0|621.1682,172.12506,645.90015,196.51201,0.8586693,0.78432107,2.0|
743.44196,96.02078,1037.2032,270.85706,0.91154176,0.9969902,7.0|617.7769,172.14346,645.73785,199.21489,0.8285549,0.83322537,2.0|
750.42444,93.64826,1099.988,290.21097,0.9625878,0.9967237,7.0|
785.3796,68.78091,1210.9614,304.76202,0.98016214,0.9686244,7.0|718.8412,167.1734,791.65717,229.09532,0.8857301,0.9678333,2.0|
730.0049,162.66573,812.51154,232.18292,0.992295,0.9758922,2.0|803.76404,8.939687,1231.3473,351.00125,0.99857306,0.927793,7.0|682.01306,174.0739,723.77594,202.7204,0.884502,0.9807475,2.0|
738.5847,165.37288,833.32855,231.89401,0.9956546,0.9844395,2.0|836.52496,18.763638,1243.3308,361.43378,0.9758589,0.9714543,5.0|
749.55383,166.23734,864.2591,240.08766,0.9974124,0.9769329,2.0|862.9814,11.346764,1236.5344,391.08655,0.9975101,0.95374644,7.0|613.62225,170.85725,642.9398,200.53859,0.8849538,0.3797493,2.0|
765.4424,172.09866,878.2688,254.81212,0.99861765,0.97356457,2.0|889.16626,-3.0712533,1223.6929,349.72552,0.9604842,0.6186243,5.0|
763.3945,168.79312,906.0596,257.37772,0.99428046,0.98660254,2.0|661.4925,172.82935,695.79895,202.63486,0.8919543,0.95498586,2.0|971.7362,-9.799416,1235.8838,391.7931,0.88072455,0.88663924,7.0|
772.9468,164.1789,942.868,262.66898,0.99865854,0.99773043,2.0|659.5252,168.90579,698.3756,202.87315,0.9577787,0.9870187,2.0|1056.2584,-5.0593677,1222.1039,390.27365,0.8794366,0.90240335,5.0|1068.9603,-5.3143687,1232.0751,391.6422,0.98141265,0.6732881,7.0|612.73,166.30766,644.8618,201.48067,0.88787955,0.7115749,2.0|
793.5217,162.4435,981.05493,270.3145,0.9987429,0.9982668,2.0|663.441,169.14345,699.1427,202.55243,0.9388217,0.94124776,2.0|694.57965,172.6439,760.96747,213.22717,0.87185854,0.9874236,2.0|611.7325,165.75177,645.4011,201.30524,0.8673518,0.34708053,7.0|
810.71173,157.83978,1044.0459,288.70676,0.9995982,0.99817705,2.0|661.2111,166.52962,701.4135,201.15866,0.92578065,0.82236004,2.0|613.23553,167.06306,645.3697,201.0464,0.8695654,0.47249755,2.0|
838.9387,157.85149,1146.0587,316.8812,0.99936706,0.98885953,2.0|700.0691,172.08305,778.6547,216.94804,0.90806127,0.9904231,2.0|
862.0241,148.358,1239.8451,339.15622,0.9997067,0.99003357,2.0|707.0164,171.49017,786.3183,224.3204,0.9821268,0.988736,2.0|
917.0549,130.41449,1233.8531,365.64682,0.99904495,0.9926932,2.0|709.46716,169.8576,794.4577,226.03827,0.97137713,0.9804304,2.0|681.139,168.84506,723.803,207.91772,0.8652816,0.9392405,2.0|615.41364,167.43222,646.91223,205.17007,0.84976345,0.48774642,7.0|
977.34283,150.72621,1234.5605,377.5178,0.9987638,0.9921726,2.0|725.2385,166.6081,812.2432,226.30177,0.8082528,0.96223813,2.0|682.6117,167.98752,729.13763,206.74455,0.8021941,0.94993466,2.0|
1074.3323,181.5189,1241.0231,382.5426,0.9919378,0.9871587,2.0|613.9677,169.48203,650.0845,204.62997,0.84429246,0.5652821,2.0|
748.3003,167.14423,843.72174,232.49442,0.8282326,0.9859983,2.0|613.93365,164.76683,649.41223,206.06303,0.91140145,0.5290724,7.0|
753.611,164.55583,864.7931,235.28304,0.98470116,0.99194264,2.0|614.83093,165.4952,650.9766,209.21303,0.84787667,0.5163697,2.0|
755.9341,168.16887,887.40485,244.20135,0.9915782,0.9916997,2.0|241.97299,193.38818,299.63943,214.47824,0.8759706,0.9792044,2.0|686.8463,161.85394,759.68823,210.15036,0.81935644,0.6014258,2.0|
769.477,166.24895,919.3689,251.03232,0.9925862,0.9971842,2.0|689.0772,162.08453,763.4343,212.24304,0.90782666,0.94426686,2.0|615.436,160.45749,650.4084,210.01022,0.8307943,0.5871542,7.0|
785.3081,171.24768,942.1729,256.7016,0.99788,0.9986513,2.0|223.15344,193.07327,284.73767,219.26591,0.87621427,0.9502051,2.0|685.05786,159.02348,772.6671,212.57365,0.98582363,0.71299314,2.0|615.9598,163.08679,654.18475,211.13611,0.83904487,0.551569,7.0|
808.6085,166.14697,1002.8668,271.27835,0.99849355,0.99900717,2.0|695.0251,162.18541,780.32544,213.7039,0.85568196,0.89198434,2.0|617.43024,156.28534,659.018,214.82889,0.80656326,0.6131477,7.0|
830.00525,170.88087,1068.2365,284.24506,0.9995461,0.9995572,2.0|701.092,160.88988,797.00745,219.01213,0.9390716,0.90636605,2.0|195.64095,194.46204,263.168,222.2495,0.861833,0.9507472,2.0|687.49097,156.30286,783.41113,217.0791,0.84057254,0.5541683,7.0|
852.0321,168.30757,1147.8201,311.08176,0.9977769,0.9989773,2.0|55.041172,200.60449,136.04312,236.35081,0.94963926,0.99248064,2.0|712.777,158.98706,810.15796,221.52986,0.97412825,0.8998964,2.0|617.89594,154.87259,659.4101,218.22273,0.86433357,0.68118924,7.0|
875.6242,166.36885,1236.1246,341.44995,0.9999038,0.99958986,2.0|26.860397,204.663,132.12587,239.77109,0.91424716,0.98762995,2.0|162.7163,195.73514,242.86798,225.27827,0.90213203,0.96973765,2.0|709.35205,156.37178,824.9261,226.28958,0.98743224,0.84608495,2.0|701.5482,154.22878,814.60834,221.90567,0.9324095,0.63978356,7.0|
945.1371,165.60434,1230.5939,367.49655,0.9994124,0.99849033,2.0|2.3090956,205.35907,97.395905,243.60898,0.9636036,0.99030405,2.0|145.85994,195.68037,236.10205,226.89198,0.9360669,0.983925,2.0|715.3015,154.56433,839.37683,226.60149,0.9936684,0.7956947,2.0|618.6393,149.25073,665.58154,216.52092,0.8317359,0.63562375,7.0|
989.82556,155.33798,1231.5703,370.17957,0.9951409,0.9987446,2.0|735.96136,155.56868,860.1329,228.08429,0.9727984,0.9614307,2.0|
740.7189,153.91098,875.20184,231.137,0.9720696,0.96797526,2.0|1074.5623,207.66595,1241.0251,375.07147,0.9806912,0.95020074,2.0|618.2619,137.97841,675.1434,222.70459,0.9075826,0.81871676,7.0|
92.08116,192.05579,193.31792,230.7358,0.96892637,0.9704709,2.0|741.7339,147.58058,904.2535,235.4367,0.9612324,0.74201584,2.0|
770.7439,144.83325,938.32715,240.9932,0.98145354,0.97714955,2.0|68.98379,190.621,179.08153,229.78098,0.97186726,0.97910357,2.0|722.44946,147.4935,805.1145,220.70413,0.86072,0.7209417,2.0|
758.9236,142.03702,973.86255,243.51633,0.99781525,0.9867749,2.0|49.511395,192.20363,165.27174,229.36565,0.960451,0.9794773,2.0|625.3324,139.60881,686.22656,222.63022,0.8629291,0.73240715,7.0|733.43945,147.64545,818.5496,223.0422,0.8658946,0.53317505,2.0|
788.54535,136.12799,1015.11163,250.6082,0.99797994,0.99511504,2.0|21.527475,193.67314,148.40123,234.5283,0.95419675,0.9641543,2.0|743.5547,142.25183,848.18445,227.95331,0.9469826,0.855609,2.0|
806.763,135.72572,1055.2765,266.4738,0.9952775,0.96087503,2.0|0.6097124,199.26982,133.00356,237.19394,0.8928251,0.9786725,2.0|750.3651,141.37029,858.8624,226.83563,0.96889883,0.7300341,7.0|
0.82480395,197.54936,115.81032,239.76283,0.9721494,0.9688873,2.0|761.91125,133.27522,902.96326,239.47575,0.8999935,0.80696386,7.0|843.5648,128.79832,1105.2103,272.6473,0.9848298,0.7004397,2.0|812.51605,113.21696,1153.7969,282.22424,0.97029346,0.65109086,7.0|
865.49884,120.20517,1205.1576,296.289,0.9975567,0.8070631,2.0|772.2791,133.21977,931.561,238.87334,0.9593186,0.6603732,7.0|
878.1529,129.12747,1237.7048,315.4824,0.9995641,0.9323388,2.0|-1.6544244,195.22455,80.74866,244.45255,0.9434069,0.949004,2.0|790.61346,133.22748,957.68365,245.98546,0.92013586,0.64752847,7.0|640.2456,138.2902,723.1419,227.05782,0.8043564,0.6193194,7.0|
0.16520888,192.87383,65.31536,247.95378,0.83841217,0.96072185,2.0|937.6037,102.96289,1236.531,335.92853,0.99710125,0.78667265,7.0|799.15234,127.30783,1003.1014,255.79845,0.95789146,0.7502804,7.0|939.379,118.847786,1232.2437,366.64377,0.9376267,0.7659517,2.0|
982.093,114.67837,1233.6006,388.4222,0.99834764,0.83981186,2.0|819.0881,118.86895,1045.3107,265.54333,0.9723893,0.7612091,7.0|646.6569,143.13564,771.62976,252.03802,0.83248264,0.6190117,7.0|976.8514,106.60747,1236.8597,349.986,0.9911594,0.5194629,7.0|
1016.436,112.354454,1237.9457,369.0242,0.9971161,0.8282974,2.0|993.6106,108.06756,1239.7437,340.79282,0.9411465,0.82476956,7.0|826.4402,118.05379,1097.6772,279.29968,0.9517793,0.8063282,7.0|651.3016,133.8789,746.1224,230.00423,0.96291107,0.75417155,5.0|830.3947,116.52155,1098.29,259.51657,0.89021266,0.6979608,5.0|
1062.359,120.12824,1244.4767,374.88037,0.9987381,0.9299787,2.0|866.84845,103.32482,1164.7333,293.89355,0.99575967,0.73514163,7.0|
885.0349,95.39312,1217.1215,318.0639,0.9949366,0.85103035,7.0|1153.2367,177.86732,1240.1257,387.95728,0.8844774,0.93016803,2.0|
910.44977,81.22054,1234.8066,325.74896,0.9986852,0.71919674,5.0|659.992,151.80962,843.2893,288.45676,0.8439894,0.68363374,7.0|
933.7031,69.72243,1236.312,351.6191,0.996986,0.9139368,5.0|
965.139,97.50095,1236.4269,393.1097,0.94188505,0.7277384,2.0|973.8393,52.621624,1234.9077,375.88773,0.9976845,0.59834296,7.0|
998.46094,77.87941,1235.7317,386.29868,0.9539627,0.8768559,2.0|997.82825,78.479355,1236.2936,354.50327,0.97447234,0.54311985,7.0|661.48517,160.46353,931.87836,361.2693,0.8196801,0.6402787,7.0|
1048.1635,97.60592,1242.6267,376.31415,0.99454486,0.8947693,2.0|
1096.6746,170.4779,1244.6154,381.58142,0.9837853,0.9787017,2.0|1062.3638,91.4,1228.8717,240.6938,0.91195947,0.5477157,5.0|
1157.9459,197.16655,1241.7059,371.81644,0.9392998,0.8987217,2.0|
675.08105,115.95174,783.8519,249.25864,0.80824554,0.4876125,7.0|
673.37506,111.89831,797.72754,263.39194,0.9081984,0.7453947,7.0|
1178.5367,138.34052,1246.3169,259.11823,0.9433653,0.9639185,2.0|679.01996,111.91875,803.23224,251.22012,0.9722181,0.92393893,5.0|
679.2934,103.608,810.9523,259.07394,0.98623335,0.87661815,5.0|
674.64624,90.319595,831.4858,261.8866,0.986227,0.8645632,5.0|
671.58307,54.9708,855.3357,280.15414,0.9253745,0.960413,5.0|
671.3319,25.64948,875.86755,302.1119,0.98892653,0.9837194,5.0|
673.0894,46.526867,894.9286,312.3027,0.9797029,0.833962,5.0|
678.6572,32.25146,906.72675,322.85492,0.99199545,0.908764,5.0|
695.8216,7.069377,940.1234,347.67184,0.9488783,0.5865164,5.0|676.1228,14.844945,942.05896,339.31656,0.9932054,0.55141044,7.0|
670.57544,10.719094,987.2633,364.31036,0.9992661,0.75062793,5.0|
663.30414,-10.1596575,1059.5437,379.8677,0.99896085,0.9768486,5.0|
683.95337,4.2264957,1180.6576,363.97525,0.99915695,0.9949202,5.0|
668.1437,6.289035,1242.0669,379.94852,0.99951947,0.9924258,5.0|
672.6531,-5.152501,1240.1863,376.1818,0.9994055,0.9982627,5.0|558.20416,183.84319,602.01056,203.06894,0.83016944,0.9347437,2.0|
690.46075,-16.243126,1222.5034,392.13232,0.977759,0.9856182,5.0|
723.40106,-2.7407355,1236.4526,395.87677,0.9783391,0.879235,5.0|
580.8948,183.91118,636.823,207.13985,0.85161114,0.8398439,2.0|
731.6591,-7.912764,1226.7899,414.72195,0.95835817,0.9761326,5.0|

842.22266,-21.568739,1231.7908,400.96628,0.9498031,0.8479674,7.0|
611.2933,181.38649,652.68207,204.49269,0.8919569,0.93736744,2.0|917.88885,-2.038004,1230.7397,377.51962,0.952216,0.8645421,5.0|
422.18857,185.99504,455.78094,199.76562,0.83397734,0.9917909,2.0|
415.297,183.9437,457.87607,205.08563,0.9138205,0.9902412,2.0|
412.6693,187.57478,458.1643,208.76872,0.9401677,0.9819134,2.0|
403.40424,187.27591,448.01877,211.42351,0.9052995,0.8862592,2.0|
406.79724,187.62773,453.08698,211.6015,0.873815,0.9733281,2.0|
407.0017,187.26344,459.80893,211.61143,0.9444991,0.97072214,2.0|
410.27252,184.19383,459.52728,213.35068,0.9626825,0.954785,2.0|
407.96167,183.89072,459.2324,210.70657,0.97264874,0.9804575,2.0|
411.41168,185.05524,461.304,213.18767,0.9756393,0.95726544,2.0|
416.00214,188.92175,462.49796,210.19926,0.95405555,0.9828079,2.0|
419.85425,188.41112,459.9709,212.06685,0.94700265,0.9777905,2.0|73.19811,206.13087,193.77998,239.01817,0.8372665,0.9856574,2.0|
421.50583,190.18779,465.05862,211.08566,0.8848093,0.98280454,2.0|
424.20618,190.25853,466.9356,207.98843,0.8693443,0.9899087,2.0|
427.9556,188.40343,466.22385,210.79442,0.88866204,0.9621568,2.0|

428.69516,188.91931,455.19766,212.3213,0.80880845,0.9603396,2.0|
432.41403,188.22676,503.06717,214.70653,0.90953434,0.98691064,2.0|
452.662,193.56097,520.52155,218.84126,0.8974175,0.985016,2.0|
448.95016,190.63902,529.642,220.94144,0.91352034,0.9723326,2.0|
447.66995,185.57744,534.93317,221.17923,0.9627482,0.97203976,2.0|
456.9602,184.54878,546.33655,219.7658,0.97033924,0.9107667,2.0|
463.51767,187.33504,558.0007,219.70836,0.9879588,0.93331105,2.0|
474.967,185.1146,573.7023,222.01762,0.9943725,0.95850635,2.0|
483.7226,186.3759,594.6191,221.24754,0.98750263,0.9816958,2.0|
494.76968,186.63422,602.6031,224.92381,0.99268883,0.9799042,2.0|
509.45016,188.60513,636.0018,226.1634,0.9882939,0.97126836,2.0|
519.4937,186.33592,655.6498,226.13564,0.99871933,0.97755253,2.0|
534.21405,185.94937,663.74097,229.23215,0.99854857,0.88228846,2.0|
551.416,185.92416,688.0728,232.1826,0.9963154,0.9776164,2.0|
567.06885,183.3615,718.215,234.21819,0.99974996,0.9461933,2.0|
587.18304,182.81003,742.8312,232.88388,0.99981064,0.983374,2.0|
593.63885,182.68549,750.6943,236.22168,0.99960047,0.9660193,2.0|
609.0228,180.534,773.87195,240.37572,0.99793243,0.9737577,2.0|
634.22363,178.9623,795.4262,240.89159,0.9977386,0.9871247,2.0|
656.45215,181.0802,813.2681,243.03252,0.9975491,0.8630082,2.0|
671.4401,179.20734,835.1161,250.15366,0.9696832,0.93246657,2.0|
697.7516,181.03928,852.5591,246.58891,0.986406,0.9920744,2.0|
718.9314,175.61018,884.73553,253.31348,0.9893629,0.9899277,2.0|
743.1044,173.85222,930.5717,259.9785,0.9872918,0.9968742,2.0|
774.1641,177.24075,986.1986,270.90253,0.9527478,0.9894574,2.0|
807.9254,176.27896,1016.8325,274.85605,0.98058677,0.9919733,2.0|
854.59467,171.99594,1073.8556,283.5611,0.9860763,0.99129593,2.0|
892.56537,175.1142,1123.0754,284.2283,0.9961146,0.9966922,2.0|
948.5361,173.89305,1198.6252,299.2049,0.9980793,0.994419,2.0|
1002.9696,165.69305,1235.099,310.39514,0.99853766,0.999295,2.0|
1068.0225,156.56956,1240.7231,322.5733,0.98641115,0.9971746,2.0|
1152.7769,188.13873,1236.8298,332.92413,0.99658763,0.9948881,2.0|








