








































































































































































































486.84506,208.93973,550.03326,230.31674,0.83268386,0.9767344,2.0|























519.8946,216.46089,590.68884,266.22086,0.84419656,0.9847888,2.0|
524.3475,218.32594,600.31995,264.19485,0.85707355,0.9712721,2.0|
540.3211,214.5454,611.34784,262.99362,0.9086942,0.97469556,2.0|412.307,216.87537,461.75406,249.93134,0.87809515,0.9539784,2.0|
543.87274,209.54646,624.67426,263.61874,0.89191794,0.9709753,2.0|
563.1399,210.37538,636.07745,262.11926,0.9866527,0.9873669,2.0|433.16205,205.5832,482.53864,238.2621,0.91364354,0.96691316,2.0|
571.6068,205.36299,652.1211,257.4074,0.8927109,0.9746488,2.0|
581.22125,196.94168,669.9689,255.09462,0.93579876,0.9811044,2.0|
593.6008,198.33646,687.2632,256.60196,0.85381657,0.9677232,2.0|
599.5134,193.21976,712.99664,259.98065,0.8893237,0.9812657,2.0|
612.42804,193.55238,734.0121,262.15344,0.96894026,0.98521256,2.0|
628.23456,195.4089,753.6649,264.94028,0.9972977,0.99824727,2.0|
640.32324,192.50229,781.15607,268.75528,0.9983798,0.99688196,2.0|509.47046,192.56183,558.55457,231.11713,0.91196114,0.955832,2.0|
646.0065,196.6401,806.5266,269.97125,0.9985973,0.9982443,2.0|480.9761,200.16188,501.7176,216.63368,0.89035094,0.98772687,2.0|458.01096,201.92294,474.9678,216.39862,0.8541684,0.99319094,2.0|517.668,184.8863,563.072,231.94289,0.9174976,0.7279982,2.0|
659.0942,193.71498,829.6898,272.5425,0.99804664,0.9956714,2.0|500.61517,199.13715,520.2915,217.06577,0.8710515,0.9929263,2.0|523.04626,188.27956,570.5324,230.7216,0.8687235,0.929754,2.0|
664.4982,200.03583,862.3766,277.98196,0.9914268,0.98954976,2.0|
676.5186,198.7487,895.52924,294.25586,0.997407,0.99294984,2.0|533.84985,198.57219,584.8645,238.07774,0.8180123,0.87185466,2.0|
680.12805,208.11871,943.36633,306.38123,0.99510866,0.9964309,2.0|
682.378,210.42445,968.924,324.91168,0.9972709,0.9623826,2.0|546.15643,209.85522,605.40027,257.13107,0.8426166,0.9101308,2.0|
696.52924,220.83537,1041.0286,333.92944,0.9755172,0.9649596,2.0|551.0197,210.83922,606.33636,257.70248,0.85267943,0.63851136,2.0|
704.0724,215.11351,1030.2129,329.3322,0.9823057,0.9321666,2.0|553.35455,202.81253,617.4983,252.51614,0.88609946,0.6334426,2.0|
724.00476,205.86444,1083.7234,337.68695,0.99811614,0.97636175,2.0|556.6372,198.01366,612.18915,241.89194,0.8859708,0.8934319,2.0|
736.32025,203.62259,1148.6735,353.39532,0.9940023,0.93439204,2.0|557.41547,188.35945,614.5158,240.84866,0.92635983,0.85133284,2.0|
727.6766,201.20383,1191.4083,361.28067,0.99868435,0.9962853,2.0|556.6023,193.7802,616.6989,242.28244,0.8581369,0.9449907,2.0|
748.8529,206.71887,1237.4054,377.41263,0.998939,0.9993118,2.0|556.66675,193.27281,617.2864,243.97545,0.84446627,0.83023983,2.0|
761.59436,203.5325,1242.0902,385.71777,0.9993284,0.9996176,2.0|557.05304,193.82443,616.41254,245.78781,0.90074295,0.74040973,2.0|
776.3426,210.67659,1232.182,386.4329,0.99950445,0.99960095,2.0|558.3513,190.31317,622.9878,245.4734,0.94226706,0.50758594,2.0|
804.2123,215.735,1229.7668,386.7782,0.9992767,0.9997024,2.0|558.1631,187.4492,619.21844,244.82986,0.9693914,0.8401728,2.0|
850.9995,213.1153,1236.5306,387.5288,0.9992853,0.99975044,2.0|559.75146,185.11168,622.92,243.37502,0.91387755,0.6478528,2.0|
870.0975,210.46063,1228.9302,388.41083,0.9986131,0.9996401,2.0|561.4229,180.51338,631.82513,244.5998,0.8832443,0.9173269,2.0|
899.5518,207.86757,1224.7838,387.064,0.99787617,0.99969447,2.0|566.6952,181.03389,635.4032,243.6102,0.88713944,0.73446256,2.0|
934.8488,250.02136,1243.6228,368.58566,0.8621427,0.998374,2.0|569.8233,179.6151,646.73804,240.8204,0.8752662,0.8769815,2.0|
524.2065,189.14563,550.992,211.83209,0.86645246,0.9848348,2.0|1025.749,296.25192,1235.2648,390.65903,0.81651586,0.9949576,2.0|577.7992,179.33647,645.9163,244.58054,0.8760686,0.8944645,2.0|
529.8138,195.06985,550.8404,215.94762,0.8410327,0.9659045,2.0|581.8066,183.57808,664.90546,250.18774,0.8783382,0.87625927,2.0|
590.64435,188.40112,678.7231,256.40338,0.9412155,0.7536428,2.0|
599.6591,183.90358,679.964,258.91403,0.8092364,0.68445516,2.0|

619.356,186.96104,704.4677,260.47058,0.94079614,0.3183296,2.0|
631.6892,180.17804,732.47754,263.33237,0.94438845,0.51540804,6.0|
638.74646,184.6583,732.3543,266.1687,0.9401496,0.46186784,2.0|
647.69934,182.09946,739.2288,266.01263,0.9711623,0.6626579,2.0|
655.6423,183.20128,757.21875,271.67563,0.9916856,0.8256499,2.0|
657.69684,179.65196,773.58923,277.73166,0.9439686,0.5759715,2.0|
664.5853,176.89502,778.3056,279.2485,0.98240155,0.9322624,2.0|598.2455,190.61253,625.6089,212.00554,0.8504732,0.8905507,2.0|
667.1566,176.78737,788.5009,284.86118,0.9927322,0.8466026,2.0|599.24304,192.43513,624.3373,212.71785,0.82963043,0.9629523,2.0|
672.0793,176.61063,790.9129,286.1932,0.98077637,0.9331911,2.0|638.1341,186.33038,674.1063,216.25975,0.8042099,0.93374413,2.0|596.4189,190.58269,627.0257,214.41847,0.85780436,0.8647936,2.0|
667.9064,178.45139,803.86633,299.4438,0.9807519,0.864004,2.0|
676.6929,175.96974,820.97815,301.92734,0.984854,0.72085863,2.0|
678.5254,173.53271,832.07104,305.09244,0.9319502,0.75969285,2.0|596.1726,187.42007,626.5878,213.38217,0.9093444,0.7458234,2.0|
678.4358,171.7854,848.0324,309.70172,0.9484499,0.7007055,2.0|
678.39496,163.19481,855.9506,324.63785,0.9944629,0.77320147,2.0|598.0606,188.01651,624.54803,210.53925,0.8738289,0.79465544,2.0|
669.6037,163.5225,916.8877,348.5684,0.99272037,0.97251725,2.0|641.19745,187.16452,668.6177,212.62437,0.80433244,0.9133109,2.0|595.2216,187.77261,625.9728,211.43971,0.87733567,0.6551345,2.0|
680.4761,165.96535,928.0243,344.9813,0.9978114,0.9644947,2.0|
682.16534,167.28238,948.50775,346.55417,0.9832476,0.9832411,2.0|596.0291,188.46758,622.3515,211.69969,0.898617,0.67653733,2.0|
693.01544,166.83755,1021.93677,378.36053,0.99788743,0.9617679,2.0|595.42316,192.28079,621.13446,215.66858,0.9011,0.7701178,2.0|
693.9768,168.4922,1035.9313,382.99817,0.99967206,0.99106115,2.0|
719.0674,172.08925,1161.9176,388.28415,0.9997675,0.9967481,2.0|593.28394,195.88931,621.1142,221.58873,0.81788677,0.92245495,2.0|
692.9834,169.60892,1224.1018,397.1066,0.9995813,0.9995028,2.0|595.21136,195.26605,621.7252,220.26823,0.81773067,0.925663,2.0|
700.2259,163.99417,1259.0085,399.96317,0.9824448,0.9846764,2.0|
723.6647,164.48943,1252.8058,400.69183,0.9589659,0.88792413,6.0|
745.7606,167.32448,1252.1299,392.08762,0.97571826,0.9878905,2.0|
791.1006,163.18002,1246.5962,387.8815,0.9976828,0.99803764,2.0|
852.3542,169.53078,1239.5618,390.16284,0.9937302,0.99926335,2.0|
919.7638,214.83698,1235.2335,389.09845,0.91660637,0.99442613,2.0|





















462.03946,183.7517,498.59317,210.2492,0.9167921,0.9782316,2.0|

467.0984,184.27794,500.35345,210.79666,0.93935394,0.98586535,2.0|

467.10388,186.43457,504.5195,214.4702,0.90436006,0.98566145,2.0|

469.33133,187.12306,507.78784,216.46507,0.92462176,0.9695071,2.0|

469.17432,188.15408,509.78445,217.95436,0.9429324,0.97612464,2.0|544.46936,176.7678,586.27484,212.45726,0.88562113,0.8267257,2.0|
469.47452,191.05692,511.85306,218.31386,0.88707155,0.9410529,2.0|
463.99072,186.55711,512.4909,216.42398,0.8433655,0.9562334,2.0|
471.47345,190.93105,514.6473,220.91817,0.95346695,0.96641034,2.0|


555.28625,178.86548,604.14087,224.43515,0.8307018,0.9005586,2.0|




560.16455,151.01955,616.7394,205.41747,0.82189864,0.76880026,2.0|

565.7443,158.60101,619.7721,215.21638,0.8217818,0.61088955,2.0|
163.41327,195.84657,312.85504,305.75073,0.9428034,0.9935221,2.0|
86.76883,200.51346,296.37247,323.84338,0.99457175,0.999292,2.0|
24.335281,207.33777,268.24997,327.3281,0.9973131,0.9996971,2.0|
5.3644056,193.25966,262.81454,340.70563,0.999079,0.9997931,2.0|574.89307,162.65176,638.10455,218.54938,0.81017876,0.89614075,2.0|
-4.7946453,201.0367,239.83331,360.77805,0.9985311,0.9994542,2.0|575.6736,156.9269,639.2197,214.94104,0.94436806,0.780166,2.0|
-7.0514035,196.97426,199.15817,367.86343,0.98653686,0.9992398,2.0|576.5815,151.22897,641.3229,211.56235,0.9231039,0.79745775,2.0|
580.6349,143.9548,640.88416,207.65872,0.84329027,0.85914284,2.0|
-0.49842346,196.90163,85.81946,374.23636,0.97515273,0.99260956,2.0|581.2661,138.67235,645.9414,205.85802,0.8680051,0.7680341,2.0|
582.08624,140.39832,646.9684,205.18816,0.85101813,0.8618724,2.0|
421.69366,174.86726,510.73572,237.28224,0.92662394,0.97665954,2.0|581.2452,142.15865,648.56903,211.08685,0.85261494,0.5872797,2.0|
414.30096,183.29308,508.35043,256.1288,0.88311034,0.92035747,2.0|582.57007,153.73888,649.8746,224.62584,0.97597176,0.6821373,7.0|
580.76624,158.79507,651.9487,231.99097,0.9338513,0.67576927,2.0|
399.14474,187.55945,504.65378,262.3682,0.91748774,0.9654198,2.0|581.7259,156.83527,652.6741,231.1802,0.90363544,0.8553998,2.0|
387.838,184.78435,495.33316,261.54425,0.9850618,0.98543394,2.0|581.99805,150.32878,654.28503,227.1275,0.96291816,0.8714131,2.0|
372.49252,188.38263,487.66934,270.03238,0.98782873,0.98847723,2.0|581.8927,150.51682,658.2191,230.05402,0.9302848,0.857397,2.0|580.2675,144.3521,654.8737,228.06905,0.9736529,0.50782484,7.0|
344.11328,192.08514,492.77805,280.73117,0.9958418,0.9854175,2.0|580.8289,152.95668,655.693,226.9859,0.8135902,0.837568,2.0|
333.82346,190.79138,486.47403,284.20505,0.97734886,0.9129239,2.0|580.9209,150.37802,660.7584,231.38081,0.96756315,0.78693414,2.0|
315.8392,188.13487,479.75443,287.85724,0.9476951,0.6037123,2.0|585.0792,143.69789,664.08795,228.8817,0.8727726,0.53023887,7.0|
293.6598,187.90344,470.06805,289.7422,0.9587008,0.86351466,2.0|579.1957,141.97684,663.2735,229.005,0.9805217,0.52514434,7.0|
263.33105,180.5559,469.65906,297.8452,0.99834275,0.94387,2.0|318.49094,166.78699,376.69598,189.40596,0.8935128,0.9812329,2.0|581.6153,144.47856,669.52527,235.1986,0.943603,0.9024625,2.0|
219.16577,187.39294,452.20587,326.08768,0.9976718,0.9446136,2.0|583.2174,144.36612,677.7714,242.74248,0.98221564,0.6876757,2.0|588.26025,141.1503,674.16846,235.97557,0.96855116,0.46117693,7.0|
184.4359,187.27235,442.8528,336.95435,0.9972888,0.8816588,2.0|585.7892,143.16805,679.071,239.18164,0.98524296,0.47806433,7.0|
139.52731,184.158,430.02527,352.2768,0.9974017,0.92204946,2.0|587.2369,143.12689,683.55255,239.85739,0.9867404,0.5323359,7.0|
97.09048,188.41226,417.79312,369.61578,0.9996817,0.99641633,2.0|591.06903,139.00327,685.77875,243.99324,0.94710946,0.54921204,7.0|592.0149,130.27333,684.2309,242.61632,0.9032201,0.43263876,5.0|
21.95347,183.582,427.62463,387.17615,0.99987614,0.9990829,2.0|585.36224,133.44925,695.463,245.98996,0.9511877,0.5189032,7.0|587.56305,130.21149,693.4999,245.17635,0.96696275,0.39646876,5.0|590.0927,140.20198,692.0477,247.30925,0.9579715,0.31965923,2.0|
2.7375731,187.25406,386.20374,390.62488,0.99990165,0.9975229,2.0|583.2315,123.175964,702.94226,251.48836,0.96695316,0.70001435,6.0|587.2311,133.272,704.63696,254.1063,0.9639062,0.48615295,5.0|
5.5060024,189.00024,377.2719,389.01926,0.9995171,0.99574053,2.0|587.6322,129.08916,709.3548,254.1088,0.85210013,0.6026429,5.0|
24.578333,189.0254,354.30176,398.07104,0.9996884,0.9897838,2.0|592.59186,127.40328,727.5334,264.46597,0.99850357,0.65062994,7.0|
11.376404,217.8126,321.71942,388.66187,0.9988545,0.99441564,2.0|593.7724,132.14447,734.9881,271.80814,0.9951515,0.34707206,5.0|
1.944797,227.67606,290.7294,393.43845,0.99711514,0.99509865,2.0|617.9592,126.81549,740.0506,285.35764,0.9535492,0.47335672,7.0|595.1297,132.72957,745.34064,276.73032,0.9975049,0.43666932,5.0|
1022.1364,226.03111,1237.0988,385.10062,0.96265453,0.99716216,2.0|-5.293714,244.56169,246.42644,390.28586,0.8310061,0.97236496,2.0|605.9626,127.23018,772.8086,290.1066,0.99680436,0.38809592,7.0|
624.46936,116.07199,802.39954,296.82712,0.98133963,0.50922924,7.0|
632.191,113.90959,826.56213,305.2927,0.99516785,0.4482069,7.0|
647.26196,95.37487,866.0918,322.36722,0.84267694,0.54468256,6.0|654.57245,107.49565,877.5504,312.38943,0.86377066,0.34779546,7.0|647.94336,110.70915,861.6759,306.92725,0.9951374,0.28583702,5.0|
638.67194,94.47412,915.93756,326.1265,0.9985683,0.6180374,6.0|668.0185,88.1525,901.4959,330.8929,0.94396627,0.31047857,5.0|
666.5586,82.4849,974.13385,340.71927,0.99841416,0.50628763,2.0|
680.0186,78.6506,1048.6326,371.20285,0.99985266,0.75697225,7.0|
681.97784,64.074265,1143.2882,378.86063,0.9994211,0.70467615,7.0|
688.29645,39.674847,1222.0032,381.57913,0.9728611,0.67523515,5.0|
704.48395,34.444687,1229.8181,392.4697,0.9908234,0.7740885,5.0|
659.0861,19.1958,1236.8757,393.5006,0.9723761,0.9861907,6.0|
777.949,15.194991,1234.0585,384.1653,0.95891744,0.64204186,5.0|
791.8848,3.4445598,1223.8501,383.6006,0.986699,0.55208087,7.0|
819.5474,-2.9321456,1234.0701,391.10593,0.9914541,0.7756736,7.0|

443.86285,171.14618,535.6385,243.24306,0.8871214,0.98214126,2.0|





278.1986,166.01466,451.8561,264.8013,0.83244383,0.84527767,2.0|
260.69632,154.36664,450.9451,274.07294,0.8143727,0.58382523,2.0|




67.228806,163.47366,356.1607,260.15076,0.9484559,0.9548828,2.0|
87.12439,159.9103,339.13394,248.57948,0.80541843,0.9315224,2.0|
46.685238,156.33769,325.4726,253.0258,0.9098459,0.9812587,2.0|686.5731,184.17502,754.88367,237.36597,0.87073684,0.96775913,2.0|
689.34406,182.29092,764.9047,237.35507,0.96444684,0.96409243,2.0|32.4121,156.10477,299.3471,255.64072,0.8789101,0.9773033,2.0|
698.7578,181.86122,770.3429,238.9769,0.95050204,0.9679474,2.0|15.574374,158.0663,280.17,260.96573,0.8531437,0.98642284,2.0|
21.292538,154.51872,260.3307,255.6881,0.9922123,0.99353796,2.0|700.70416,180.00337,780.8068,246.17021,0.9801608,0.98653036,2.0|266.63272,167.27481,364.84738,237.60962,0.8136887,0.97814846,2.0|
707.6548,181.14192,796.1759,247.27194,0.98287845,0.9766149,2.0|-1.6091295,162.27663,229.92856,264.42554,0.9615228,0.98986405,2.0|256.27814,171.80986,344.61298,229.43098,0.84592366,0.98890764,2.0|
715.02484,178.62328,813.19855,252.59305,0.9934181,0.99235487,2.0|1.5720117,167.16371,195.11334,266.7062,0.96397257,0.9859822,2.0|
725.3082,177.34471,828.55646,255.3854,0.9974897,0.9858825,2.0|2.2699845,165.23795,190.0267,276.0295,0.9854021,0.97222376,2.0|397.87943,180.06778,435.73062,207.76634,0.88347447,0.9906328,2.0|
732.19275,180.40294,844.47314,261.80902,0.99852365,0.9906171,2.0|5.6539736,167.00511,147.68216,284.13373,0.97678953,0.97390807,2.0|397.63312,179.43802,434.76102,208.49101,0.926309,0.9952361,2.0|
741.35675,181.51544,877.958,271.34006,0.99794513,0.99141955,2.0|395.54852,182.23412,434.65878,211.16643,0.8000161,0.98907125,2.0|
760.9807,184.85062,901.00793,281.18842,0.99243486,0.9891595,2.0|398.10098,183.73671,433.6191,210.90005,0.9118483,0.9930126,2.0|
773.133,188.91371,942.1954,287.17438,0.9997297,0.9845019,2.0|401.39093,186.13818,435.11032,215.65657,0.9214195,0.97424376,2.0|
793.28906,186.63481,986.4802,291.48227,0.9996062,0.9894861,2.0|400.26593,187.57639,437.8157,218.15144,0.8793287,0.9855671,2.0|
810.6688,187.97577,1018.7768,291.27478,0.9994848,0.99771094,2.0|
833.8013,180.66306,1108.2118,312.31113,0.99976,0.9968251,2.0|400.0235,182.54924,444.71167,213.28778,0.8104128,0.9897342,2.0|
864.34717,181.27747,1164.6245,324.5813,0.99268216,0.99321485,2.0|399.42102,179.57672,445.78333,211.94955,0.91877985,0.99114496,2.0|34.681477,151.56778,207.31288,259.45218,0.8072753,0.88879883,2.0|
904.30383,177.20892,1199.3032,337.3563,0.99946064,0.9977373,2.0|1163.2614,202.97029,1238.6744,344.82724,0.89636314,0.9789256,2.0|21.653418,151.21458,191.95605,257.07718,0.8535663,0.9856507,2.0|401.48895,170.8929,444.01358,204.39635,0.8296111,0.9890219,2.0|
947.23346,180.1154,1240.8772,345.88248,0.9987601,0.99723995,2.0|
994.48975,180.23434,1237.6934,360.95038,0.9994796,0.9988495,2.0|
1059.1837,192.96754,1237.7443,379.20227,0.9984611,0.9934614,2.0|
1168.2693,218.93097,1239.5945,380.81934,0.9699771,0.98644245,2.0|415.97012,178.94824,458.13492,217.83945,0.9399478,0.92853355,2.0|
417.69846,184.14116,458.72046,222.10999,0.8499557,0.92316395,2.0|
415.8548,192.37961,462.12997,229.51651,0.83031666,0.9460531,2.0|
0.63924044,228.28989,71.30503,378.93646,0.9384568,0.9864535,2.0|414.3508,193.58052,464.74637,230.99953,0.8512537,0.9227882,2.0|
411.781,187.46495,467.7054,235.31963,0.8826914,0.9283263,2.0|
413.86707,186.31818,470.54105,233.04424,0.90367895,0.90411794,2.0|
404.7694,179.17496,476.65854,230.1741,0.8504313,0.88053715,2.0|
406.63452,182.76578,479.326,232.13971,0.89030623,0.91085416,2.0|
405.52753,181.23941,482.51096,231.9043,0.96197426,0.8917956,2.0|
400.70776,176.86935,483.74725,230.62665,0.9503333,0.8203042,2.0|
396.24692,176.01404,485.64252,230.33203,0.9895409,0.9348156,2.0|
396.56793,176.89662,487.3647,232.08386,0.96203583,0.84268415,2.0|
391.51096,178.32767,487.01157,237.18925,0.9715845,0.87695724,2.0|
394.17978,180.88058,486.7949,235.59506,0.8461125,0.72913367,2.0|
378.65863,186.43758,477.63235,244.75977,0.8567385,0.9474993,2.0|
368.00797,179.11307,469.17075,250.1256,0.98644084,0.9608089,2.0|
357.41342,180.75363,463.5213,252.52368,0.92037076,0.97509706,2.0|
347.37192,178.05804,467.94556,257.24692,0.9845295,0.9811353,2.0|
324.86917,184.18144,458.15576,265.346,0.97682035,0.9682298,2.0|
315.3778,194.6909,444.9292,274.80966,0.9923348,0.9868003,2.0|418.3751,181.63821,475.90106,241.30827,0.8045049,0.9590764,2.0|
293.7378,192.26239,442.9628,285.31567,0.9961467,0.9926312,2.0|408.71368,177.69681,475.32693,249.7703,0.95973504,0.9655608,2.0|
279.2311,195.19708,434.66473,290.01453,0.99804,0.9977786,2.0|399.9964,175.795,477.1695,251.07564,0.97973347,0.9665622,2.0|
239.5298,198.84854,429.9756,302.99393,0.99956244,0.99816495,2.0|389.5029,175.21098,474.70328,256.4067,0.9876453,0.97731596,2.0|
224.74944,198.183,429.27832,313.86862,0.9995751,0.9994167,2.0|385.19577,176.91765,472.38553,266.22333,0.9942027,0.98538357,2.0|
151.13634,192.26491,416.99896,340.15067,0.9996995,0.9966156,2.0|379.79428,177.75945,474.22528,269.81387,0.99244386,0.96392053,2.0|
101.92983,206.6862,394.629,349.8061,0.99985695,0.99792504,2.0|359.3711,175.8747,468.14178,280.2715,0.99883825,0.985401,2.0|
17.773067,208.51851,387.4528,370.1063,0.99984205,0.99861217,2.0|345.40698,179.96042,466.7642,282.1499,0.99623847,0.99311525,2.0|
7.893658,198.18387,373.35883,386.93924,0.99969757,0.99449664,2.0|332.17786,178.00539,457.2419,295.96652,0.9969029,0.9817461,2.0|
10.1620245,205.90576,350.05554,387.80222,0.99992466,0.998268,2.0|304.54303,181.27434,449.6086,300.03558,0.9996885,0.9926287,2.0|
6.717151,215.50943,303.09515,387.6103,0.999739,0.9984156,2.0|260.61124,185.39427,450.13922,319.03384,0.99957746,0.9928288,2.0|
1.1326157,217.02817,266.52838,387.14526,0.9996105,0.9994456,2.0|216.0789,178.8321,444.93246,342.3498,0.9992112,0.95464706,2.0|
-5.5337234,237.29144,203.47697,386.8393,0.99922264,0.99679047,2.0|160.74644,179.39392,423.48776,362.2781,0.99964666,0.97535104,2.0|
116.69674,184.24057,433.938,372.9073,0.99978334,0.8160072,2.0|
7.949333,180.37413,387.99692,377.8304,0.99988234,0.95886683,2.0|
2.1032798,176.18993,379.16037,386.47577,0.9996494,0.985227,2.0|
11.334009,181.78424,361.2,390.62097,0.9998435,0.99628687,2.0|
4.2733808,182.28732,303.3128,398.14792,0.9997975,0.9988709,2.0|
0.7715084,180.83392,252.56621,389.5816,0.9985013,0.99500304,2.0|
2.1074057,180.63586,185.46011,392.28455,0.9979755,0.99238443,2.0|

297.9769,211.4089,355.07053,281.3475,0.87598246,0.9915963,2.0|
256.66797,214.70325,332.07812,286.4071,0.8796126,0.9586504,2.0|
216.90573,204.31813,305.92682,295.69363,0.96812195,0.99098325,2.0|
156.73509,196.8911,272.94662,306.16492,0.8636321,0.9903612,2.0|
72.95588,201.66684,230.57059,318.4616,0.88987434,0.9586966,2.0|
2.3854275,173.97694,186.83585,343.91766,0.9776813,0.98821265,2.0|































632.7735,177.90967,670.34674,214.35248,0.8540279,0.9839654,2.0|
633.95544,181.71965,670.1658,215.00323,0.812517,0.97060937,2.0|






















645.56244,178.72824,711.3889,236.64197,0.8797972,0.9635978,2.0|


664.6001,185.6296,741.94037,242.50262,0.9158259,0.9868988,2.0|
666.6614,181.519,741.3385,239.51999,0.82844394,0.9771289,2.0|




695.60956,173.58061,776.27106,229.23798,0.9083593,0.93492466,2.0|
699.688,171.86456,788.00244,239.32922,0.8629855,0.9315457,2.0|

708.3385,179.29391,810.1858,263.39325,0.8751205,0.8160456,2.0|
712.53595,184.33821,827.4378,265.43887,0.83789396,0.8960574,2.0|




737.89307,188.07309,933.2907,332.7468,0.91436046,0.93884015,2.0|
741.1378,187.15204,960.5189,328.68927,0.8676801,0.98796767,2.0|
745.74347,185.62532,1008.49866,347.7082,0.9802192,0.9994,2.0|
742.4612,181.78456,1061.0159,370.99054,0.96378917,0.9968706,2.0|
752.5982,198.915,1116.4163,376.75952,0.9847252,0.99726295,2.0|
760.935,199.51285,1165.4736,385.42972,0.9992618,0.9977858,2.0|
788.86646,209.77971,1234.9758,388.06076,0.99885833,0.9984798,2.0|
792.81995,212.14487,1254.1096,375.43454,0.99888855,0.99957806,2.0|
806.3895,216.97337,1260.7908,382.86255,0.99361503,0.9987472,2.0|
842.1768,223.12546,1249.8369,389.44156,0.99780446,0.99900585,2.0|
898.29803,237.32907,1242.6211,393.2805,0.9578209,0.99621296,2.0|








688.71826,181.4352,716.9777,211.52138,0.81978,0.986537,2.0|727.6344,184.86104,816.5839,254.48293,0.8607603,0.7315525,2.0|
727.85004,182.03947,800.5704,255.79663,0.8240967,0.9417022,2.0|
731.6418,179.63284,815.74524,259.94418,0.94591755,0.510375,2.0|
735.86176,179.2173,815.94635,264.54398,0.99042505,0.8894326,2.0|
736.5166,172.40747,830.15173,260.58987,0.99314404,0.98207253,2.0|688.2361,152.64282,722.8007,190.60335,0.8012959,0.9859702,2.0|
739.36615,165.80644,834.77374,262.73157,0.99477637,0.99008244,2.0|736.52924,111.019455,770.2054,151.0433,0.80071,0.94989413,2.0|
739.4941,166.06546,838.15204,262.546,0.99714214,0.90715,2.0|735.67676,109.9482,773.74786,148.70113,0.86641645,0.9671012,2.0|
743.5337,170.68944,849.3285,260.18622,0.9963707,0.9952651,2.0|733.8971,111.66597,764.7346,146.89005,0.80751127,0.9875618,2.0|
746.8397,161.70326,858.5671,277.3994,0.99135053,0.8146568,2.0|
754.4157,164.08545,876.39716,280.54843,0.9920912,0.6569019,2.0|
763.12274,171.45876,889.12933,295.26785,0.9996784,0.98521185,2.0|718.056,97.04885,768.3938,149.30208,0.82274026,0.8751342,2.0|
763.1175,169.3943,916.1041,300.61145,0.99765646,0.9669221,2.0|
769.24603,165.91069,942.8475,311.25143,0.99786913,0.9878449,2.0|
762.37,159.1812,960.0666,321.62857,0.9987919,0.99403137,2.0|
765.6512,159.29173,970.7632,330.03076,0.9996586,0.9984693,2.0|
779.4418,153.70483,994.86664,339.38245,0.9993993,0.9976909,2.0|
793.5249,157.60068,1026.8373,369.34265,0.9979504,0.9988667,2.0|
809.9323,163.92685,1091.0105,374.59143,0.99953043,0.9993788,2.0|
803.3382,167.76324,1125.623,387.8409,0.99988747,0.9997986,2.0|
830.74854,171.57806,1248.1644,402.912,0.9999051,0.99939525,2.0|
819.89465,168.85764,1235.3341,401.3258,0.99975306,0.99931693,2.0|
840.11163,175.33061,1247.5938,395.7973,0.999824,0.99951005,2.0|
848.9946,181.61731,1243.0988,388.31027,0.9990396,0.99604636,2.0|
866.6534,197.57068,1231.2909,375.9256,0.9964573,0.9981665,2.0|
904.8133,212.00488,1239.627,379.31763,0.98641807,0.99906665,2.0|
936.0861,256.8354,1239.0596,380.8204,0.96612805,0.9815393,2.0|























































































































































833.93976,159.40475,869.20636,184.97981,0.89562184,0.8431872,2.0|


466.96365,190.63188,599.4184,260.9383,0.93444085,0.90546334,2.0|782.03925,164.70268,815.1257,193.98062,0.8031474,0.54789144,2.0|
400.49908,193.23907,555.28986,286.89026,0.99199647,0.95424354,2.0|
296.26086,201.06317,510.85913,312.89474,0.99782443,0.9301111,2.0|757.4445,165.79576,788.8404,196.82173,0.9112352,0.9191559,2.0|
126.18404,201.7968,450.63336,365.79813,0.9993412,0.97820425,2.0|738.55975,166.57031,766.0527,196.9076,0.8271527,0.7126719,2.0|
8.810084,219.3823,371.67715,384.7221,0.99886876,0.9969072,2.0|





668.13184,169.81372,698.06177,205.80486,0.9064996,0.5347911,2.0|
667.3057,169.13702,700.27997,205.41283,0.90012956,0.9024293,2.0|
667.0305,171.34537,701.9177,214.42531,0.89406693,0.9761692,2.0|
666.64343,170.33679,699.29626,210.41695,0.90195656,0.9779838,2.0|
665.1139,172.6149,698.96423,217.15602,0.9649828,0.9616624,2.0|
660.8466,172.42783,702.4962,217.76343,0.95717764,0.8772001,2.0|
662.21783,176.02374,699.2936,219.35034,0.8966821,0.73845196,2.0|
663.12524,171.87144,703.39056,216.86911,0.85561085,0.9396778,2.0|
665.8429,157.64883,704.193,216.96507,0.86996293,0.560634,7.0|
666.0464,166.33571,706.5251,222.00797,0.83878404,0.73861045,2.0|
666.5025,156.28812,711.53766,223.58855,0.8795533,0.6738046,7.0|
668.73883,168.66243,719.1433,229.99382,0.94917977,0.38459495,5.0|665.39716,168.40512,717.38336,229.69537,0.8155092,0.3904781,7.0|


678.5036,167.74973,733.88794,236.87007,0.9470867,0.74608403,2.0|
682.0805,167.18268,743.7038,239.67348,0.977998,0.5969695,7.0|
688.2663,166.63559,752.553,237.62415,0.9460485,0.5496272,7.0|
692.77856,163.18765,762.41187,240.9666,0.90636075,0.42222852,5.0|
693.0638,161.38982,765.8235,246.12224,0.9328272,0.6227207,5.0|
696.97516,157.3566,770.6355,254.57642,0.9644479,0.794485,5.0|
695.5287,159.50941,783.8962,254.01585,0.9667048,0.86304045,5.0|
699.1219,159.30243,798.43634,262.2112,0.9892869,0.8013838,5.0|
706.03265,150.80351,814.4275,272.3776,0.9863294,0.6111385,7.0|700.66364,164.81804,814.3418,263.35648,0.9192088,0.47692734,5.0|
685.1801,187.47064,717.1349,216.91878,0.81449896,0.9805151,2.0|720.5643,150.32054,825.39935,281.8214,0.98245347,0.7964409,5.0|
726.97754,150.10168,848.31824,289.11633,0.9848028,0.5670188,5.0|
731.0208,152.3828,893.0114,301.97617,0.97224367,0.8473489,7.0|685.6567,185.49947,729.29407,214.95702,0.8007973,0.9741683,2.0|
739.355,148.80638,939.5485,311.8974,0.8940517,0.5634192,7.0|
663.50037,187.15146,688.84247,208.87341,0.86770296,0.990553,2.0|744.54974,131.44402,1020.93567,347.18942,0.85313684,0.8473386,7.0|
663.4255,190.44128,690.46643,208.31575,0.8532744,0.9959259,2.0|759.2316,122.85565,1146.4268,380.61203,0.9747097,0.73044586,2.0|762.8901,74.55693,1143.3901,368.31482,0.98007935,0.70982635,7.0|
661.67236,191.89424,691.1435,213.6994,0.92530316,0.9966607,2.0|690.7967,189.06456,747.11884,228.37424,0.90047866,0.98755056,2.0|775.8408,71.070175,1235.2312,396.6805,0.9944612,0.8798169,2.0|
658.7367,192.22275,692.7882,216.31952,0.8035688,0.9907657,2.0|804.19147,41.25674,1266.092,394.5928,0.8753452,0.57448167,7.0|
658.1643,189.15555,691.91504,215.49255,0.9085889,0.99383575,2.0|696.4883,188.35544,760.7693,234.9078,0.89646584,0.9680769,2.0|860.5557,54.514194,1237.7211,379.9615,0.91449314,0.77388895,7.0|872.0805,118.7267,1225.283,389.1018,0.9276693,0.74191767,2.0|
655.543,191.78409,691.82025,216.58607,0.8542871,0.995455,2.0|697.24756,184.96788,763.7059,238.28455,0.89671725,0.9196811,2.0|946.33325,130.7448,1227.5144,386.66757,0.9582741,0.8005274,2.0|
654.2189,189.61035,693.74146,219.35608,0.92840266,0.9930086,2.0|700.93,182.01166,766.64636,241.207,0.9680582,0.94607246,2.0|
651.29913,192.43137,694.1487,219.46046,0.8608116,0.99090976,2.0|
704.69403,186.73094,795.3937,251.23938,0.883668,0.87249476,2.0|
706.9382,188.64478,803.2455,253.45448,0.97392046,0.9870511,2.0|
711.7371,190.75009,815.8308,258.8931,0.96139973,0.9929589,2.0|
727.8851,193.53995,842.6974,268.75235,0.9970374,0.99389994,2.0|
726.6972,196.83034,873.52625,279.9323,0.99808264,0.99480575,2.0|
736.4406,199.63101,897.7989,290.66196,0.9975267,0.9965405,2.0|651.965,195.30594,706.05524,222.41862,0.8720839,0.99138474,2.0|
757.8356,198.62663,952.5675,301.22223,0.9996979,0.9991922,2.0|653.6038,193.32655,707.79956,223.6614,0.92298216,0.9914335,2.0|
769.81165,202.47849,1004.2708,318.36224,0.99958163,0.9990252,2.0|653.91016,194.58553,711.0265,223.99039,0.92521703,0.99642926,2.0|
798.01965,205.55066,1103.7583,355.88715,0.99936455,0.99868876,2.0|658.3347,194.35875,712.8669,226.57133,0.9114569,0.99495727,2.0|
854.71014,208.61346,1231.8995,386.19327,0.99984825,0.99872905,2.0|
874.136,223.8431,1228.1555,386.5851,0.9999062,0.99963987,2.0|
943.00525,231.47212,1248.7869,397.31253,0.99819046,0.9971648,2.0|



638.1007,194.58577,675.1083,216.45393,0.82803166,0.99657357,2.0|







636.413,192.70457,671.2232,212.57034,0.82706016,0.9930143,2.0|

641.3944,190.72488,672.3651,214.70917,0.88751525,0.9869723,2.0|
639.49817,191.29642,678.34924,212.52167,0.8730987,0.99486524,2.0|
















428.9647,198.59608,495.12408,222.16086,0.80316526,0.9828303,2.0|































637.9368,181.63925,669.6429,208.31375,0.803792,0.98235255,2.0|





522.3052,185.37332,564.5653,211.88951,0.8733893,0.99350834,2.0|
488.3148,185.1521,531.5945,214.76744,0.868935,0.96389407,2.0|
446.94812,184.5917,490.14294,210.53139,0.80806595,0.9877884,2.0|




















































497.7275,163.67299,530.9556,187.75305,0.8232443,0.9901869,2.0|
























































370.7079,127.12913,583.7601,248.8185,0.87995946,0.83856976,7.0|
395.24704,140.0475,586.39197,249.4878,0.81870425,0.46793443,2.0|
396.48422,145.23622,592.1727,249.75835,0.87274706,0.5255175,7.0|
351.88565,125.3601,596.4394,260.40234,0.9034234,0.89679253,7.0|
323.35052,107.44657,596.3822,268.8261,0.9837503,0.86615866,7.0|
320.0451,121.013695,597.7478,266.32303,0.98648363,0.69559455,7.0|
306.5979,121.330925,596.736,262.9634,0.9119157,0.620343,7.0|
296.17505,126.87621,601.0021,258.99313,0.97458047,0.65897435,7.0|
285.21402,125.15954,607.4122,271.21475,0.89964205,0.9055096,7.0|
274.1936,125.350624,611.31525,270.03378,0.9463329,0.849112,7.0|254.70006,137.46115,592.3078,266.10822,0.85341644,0.527699,2.0|
247.65843,125.30884,602.29364,268.9469,0.9610931,0.8777816,7.0|
229.40727,125.635025,606.619,270.3608,0.9834289,0.83926785,7.0|
153.93501,108.776665,607.09906,272.9312,0.855041,0.8659153,7.0|
161.3541,100.94333,602.5772,279.38342,0.9603658,0.88492334,7.0|
149.74303,110.076065,607.8728,285.0048,0.95054704,0.83935714,7.0|
136.97115,102.551216,591.8892,281.58493,0.9609719,0.8619696,7.0|
136.28452,86.61895,578.8592,287.8888,0.98189306,0.9368433,7.0|
108.94815,102.75219,586.60333,290.93445,0.98622537,0.9233115,7.0|
83.19769,100.222115,594.1821,295.85037,0.9922718,0.9274214,7.0|
55.55725,90.38596,599.3106,297.6778,0.9875421,0.8288717,7.0|
50.88767,82.36582,596.2256,300.10468,0.9885141,0.62182075,7.0|
2.7261648,57.167576,577.93054,302.93887,0.97278386,0.5887591,7.0|
-7.360763,52.80511,580.30133,306.89835,0.9735388,0.61916006,7.0|
-4.7380347,20.162,576.5091,327.2654,0.9798068,0.6026795,7.0|
2.3720112,36.707012,565.3208,313.4272,0.97063094,0.6326499,7.0|
1.3254036,15.26054,562.61847,332.20047,0.9865193,0.7461177,7.0|
-0.29025722,45.96907,565.1232,323.29776,0.95878273,0.50192213,7.0|-14.987877,-6.598522,554.4461,340.6379,0.893591,0.5164048,2.0|
-26.85154,-7.636688,545.74915,345.5042,0.932319,0.59023917,2.0|-24.795784,36.625896,551.0252,321.87854,0.9823858,0.52385324,7.0|
517.8309,172.76912,599.9594,218.70515,0.83625484,0.96640736,2.0|-16.151842,13.128402,526.6483,334.98627,0.9449358,0.5700626,7.0|
-15.977976,12.368815,521.9332,340.4337,0.8514538,0.60756546,2.0|
519.2517,172.13777,594.91095,223.50105,0.8866142,0.9653228,2.0|-17.394049,22.021112,512.9651,342.2685,0.9715749,0.6656857,2.0|
515.5793,175.36906,595.5613,223.75941,0.87734336,0.96852946,2.0|-9.401766,19.78164,499.8227,339.89407,0.9815419,0.64633554,7.0|
513.68884,172.7039,597.3813,224.46425,0.9009729,0.9785337,2.0|0.7647522,59.49654,477.16632,336.16995,0.9534125,0.70787996,7.0|
-0.2779655,44.015457,455.43326,330.46725,0.9495206,0.88328034,7.0|514.8853,175.36015,596.72974,224.88734,0.8609223,0.9731366,2.0|
5.570143,40.620426,419.7677,338.25275,0.99081683,0.85216755,7.0|
7.276681,42.547997,388.334,351.93512,0.99567515,0.749137,7.0|
3.2736146,55.180283,381.98413,364.34668,0.9908489,0.9066188,2.0|
8.267205,81.79978,350.20807,378.55682,0.9223685,0.9799274,2.0|17.377066,75.40992,378.79022,353.46484,0.97314936,0.6212652,7.0|
11.814182,58.02817,362.5892,355.51123,0.99746764,0.8730895,2.0|
-0.30085585,88.065926,307.4724,370.88574,0.9219068,0.97609067,2.0|
-2.8981757,81.40636,278.74265,368.53842,0.9990853,0.92764384,2.0|
-1.5643791,80.57012,275.98752,364.70236,0.990928,0.9430165,2.0|
-0.90461326,93.511116,205.8464,376.54257,0.90610075,0.9556195,2.0|










601.5953,184.47195,676.9394,242.9589,0.91979676,0.8893892,2.0|

610.6565,178.67226,697.7742,238.98766,0.8623598,0.82057625,2.0|

619.4417,186.38077,703.46436,242.61781,0.93111235,0.96957165,2.0|

634.8319,198.96426,718.5906,248.38263,0.87573564,0.9723432,2.0|
630.7233,190.27278,724.8245,250.81895,0.9273775,0.9510725,2.0|
632.7717,196.13754,728.7528,253.82062,0.9798645,0.9869855,2.0|
637.65424,199.28644,743.3123,264.2233,0.97416526,0.97056836,2.0|
642.5027,207.23494,745.3924,272.38492,0.9863144,0.9915979,2.0|


650.2773,208.41234,780.00507,293.54276,0.96021485,0.9536673,2.0|
652.76227,204.2504,798.77527,300.06427,0.8849284,0.9400637,2.0|
656.4403,206.94812,815.4086,304.96786,0.97073686,0.9929911,2.0|
659.8552,208.83272,835.1373,315.85834,0.8359436,0.9087357,2.0|

668.50085,201.25389,895.3158,342.99442,0.9343562,0.925264,2.0|
684.24524,230.64558,942.5657,369.57062,0.9963707,0.9903149,2.0|646.8917,186.59448,752.55194,260.17465,0.95628846,0.98227745,2.0|
706.1826,223.38023,1014.3396,378.30484,0.99169344,0.99668604,2.0|650.9807,187.9166,753.46643,265.1937,0.9947541,0.99007004,2.0|
704.67053,221.70926,1148.0654,384.0157,0.9156975,0.5812262,2.0|689.89984,221.3772,1252.227,392.78226,0.8122983,0.6167688,7.0|
735.5279,217.60106,1185.1644,392.02258,0.99952364,0.98986,2.0|669.76135,183.45094,804.4114,276.40912,0.9824934,0.9548705,2.0|
745.49316,223.71353,1237.5568,400.33383,0.99579805,0.99720097,2.0|676.52106,190.51663,816.45374,284.46143,0.92920077,0.986699,2.0|
683.08344,185.33928,843.52704,292.6742,0.99505496,0.99209374,2.0|783.57294,245.86697,1209.3625,396.11853,0.92165816,0.9824592,2.0|
690.93164,195.00722,869.1766,309.75388,0.99887663,0.99845386,2.0|
691.1911,193.26434,890.3347,327.68982,0.9988268,0.99895906,2.0|
687.5946,208.38153,938.2699,354.5819,0.99962044,0.9979399,2.0|
712.49774,201.22945,981.67004,377.40237,0.99939275,0.99859554,2.0|
710.0719,203.19707,1028.0258,385.23563,0.999936,0.9990055,2.0|
714.63806,206.53827,1192.0228,387.17868,0.9991411,0.9991879,2.0|
717.7253,228.13531,1253.4017,389.29016,0.99981576,0.9997981,2.0|
752.03357,235.07095,1249.1969,387.9711,0.99639434,0.9996941,2.0|

918.37524,290.00388,1255.2701,388.00302,0.94867873,0.9916089,2.0|















-1.9704716,198.19302,195.53012,341.3025,0.89353335,0.9973833,2.0|
4.190574,209.98048,140.13187,351.10693,0.83585334,0.99754107,2.0|










546.31055,150.53835,567.4513,165.74768,0.8082025,0.95509773,2.0|

544.99713,154.94174,567.2645,169.29643,0.81629044,0.97822464,2.0|
542.8749,151.99156,561.57446,168.77916,0.8096508,0.962605,2.0|



528.56946,148.5725,556.1186,172.323,0.8913948,0.9437955,2.0|
525.5205,149.59636,549.58075,172.26904,0.9469081,0.9528861,2.0|
524.4823,151.25027,548.4998,172.29053,0.9347226,0.95699114,2.0|
617.30176,170.44534,637.8219,189.95761,0.8293039,0.96655375,2.0|521.2836,153.24522,547.1453,173.89333,0.8310032,0.9231572,2.0|


515.89233,165.13358,544.34406,187.7099,0.8070365,0.98977345,2.0|

501.0394,158.14636,534.6844,187.01826,0.9336762,0.88492954,2.0|
498.9671,159.65216,532.6009,184.17096,0.9420734,0.9273847,2.0|

497.4045,165.1431,528.5579,189.61853,0.8057665,0.85322964,2.0|
498.28406,168.5982,531.0197,191.915,0.90227026,0.9505001,2.0|
495.20792,166.65967,528.21893,188.18636,0.8862417,0.96766853,2.0|
493.01703,162.5496,526.1729,188.42978,0.9448665,0.95233643,2.0|
494.2999,164.35492,525.76855,188.31708,0.9150658,0.97140616,2.0|
490.9668,162.25569,525.6451,191.98154,0.9822536,0.98755753,2.0|
490.88913,166.58296,527.4606,195.13013,0.9275081,0.9297641,2.0|
492.77304,171.30362,527.0789,194.615,0.8712123,0.9830421,2.0|611.0069,181.74763,653.6501,209.70311,0.80475456,0.9910781,2.0|
490.54233,166.5794,526.64624,195.62938,0.9566588,0.94742405,2.0|
490.89624,166.40721,524.9289,190.25667,0.9390251,0.9870406,2.0|609.34406,179.41832,655.32306,210.47253,0.8143822,0.9949351,2.0|
488.79315,162.11125,522.72144,191.57755,0.94309473,0.9814449,2.0|534.12744,125.612,587.46954,198.55101,0.8232122,0.7533456,7.0|
483.2187,160.6316,516.9915,191.3115,0.85906416,0.99277335,2.0|
610.06335,160.39203,690.73645,215.99698,0.928939,0.972169,2.0|480.70636,159.62006,520.8254,192.04108,0.87202007,0.99182326,2.0|
476.84775,161.76117,514.7443,194.81941,0.9455996,0.98207927,2.0|606.94073,171.92169,690.10834,216.59172,0.84731275,0.9669522,2.0|
474.51703,161.98512,511.79495,191.60265,0.94587845,0.98392475,2.0|604.15204,162.44933,694.0291,219.15312,0.8818515,0.94958615,2.0|
474.88998,162.73743,510.2821,191.01047,0.9680071,0.9819379,2.0|604.7164,163.6728,692.08044,218.52245,0.9297229,0.9752935,2.0|
469.74634,160.622,510.5429,193.40186,0.93304396,0.9666332,2.0|608.0213,174.14691,694.2237,216.08492,0.8970286,0.97327685,2.0|
471.30798,162.09082,508.27054,193.53568,0.98127985,0.9864135,2.0|607.5696,172.45833,691.1423,218.1245,0.9737654,0.9834781,2.0|
603.7509,175.56708,695.033,218.03789,0.9821165,0.97820187,2.0|468.44025,161.0785,506.69928,193.71574,0.9602699,0.9798045,2.0|
605.8472,160.9555,700.8583,220.90169,0.98639244,0.97913206,2.0|465.00482,162.17513,511.84998,196.82884,0.9360862,0.99163437,2.0|512.2921,130.06104,600.57764,204.26573,0.9301568,0.7501344,7.0|
603.641,161.04442,698.2207,221.54474,0.97977805,0.9856581,2.0|467.70856,164.69832,506.73703,194.94272,0.9409399,0.99565244,2.0|
604.07764,168.51295,703.1807,223.25291,0.9860285,0.9842471,2.0|468.19983,167.5905,506.4612,199.5613,0.95427763,0.96862185,2.0|
603.98944,168.58182,708.7652,227.54657,0.9928779,0.98322475,2.0|467.7213,172.3057,507.60538,203.18947,0.981781,0.9903763,2.0|510.40747,135.32133,588.8489,206.71246,0.904659,0.6955585,7.0|
602.5233,168.15102,707.8189,228.87836,0.99573404,0.98227894,2.0|466.98157,169.74094,506.87753,206.97069,0.9107155,0.96762174,2.0|511.11993,136.67409,585.5133,210.81128,0.96518564,0.77816445,7.0|
606.45544,171.19151,708.94385,229.70377,0.9961389,0.9884444,2.0|465.03726,168.87488,508.79782,208.03075,0.91568893,0.98893774,2.0|508.03015,137.21895,579.55225,208.89774,0.9215163,0.6494571,7.0|
610.67334,172.01701,721.4115,232.97072,0.9933848,0.9910124,2.0|465.5663,173.8367,511.43686,211.42387,0.9574881,0.98722106,2.0|509.561,134.48755,586.0476,211.18771,0.95322025,0.7436233,7.0|
609.53284,171.11978,727.4476,235.32272,0.99021333,0.9817228,2.0|466.94458,177.16263,511.98953,211.06018,0.97405314,0.9911004,2.0|506.8987,134.90561,593.20825,214.03403,0.93716115,0.72350705,7.0|
612.3788,172.32149,723.99414,236.5914,0.98312265,0.9870177,2.0|467.22797,176.13148,513.3487,211.48615,0.9732948,0.99270827,2.0|513.04285,135.46098,596.41833,214.1866,0.8632404,0.72539395,7.0|
612.3895,170.78107,731.4129,237.54994,0.99553937,0.9910159,2.0|468.44635,174.73593,509.41934,211.07191,0.9126671,0.9444459,2.0|512.2964,137.62294,596.22046,218.14986,0.8368659,0.69072866,7.0|
617.60834,172.39519,743.1891,239.71613,0.9979716,0.994945,2.0|469.1713,176.33405,515.3418,211.04356,0.9541922,0.98669356,2.0|513.7002,133.52322,601.9639,215.87236,0.9767743,0.6352742,7.0|
621.3762,170.97803,744.6684,240.47554,0.99828666,0.9947895,2.0|470.96356,177.457,517.6453,211.12396,0.94154507,0.9896926,2.0|
625.9825,172.89754,754.56244,242.34781,0.99757296,0.99136263,2.0|472.76624,176.20496,520.3678,212.10371,0.9202606,0.9865884,2.0|512.7149,137.87817,600.59863,215.13713,0.85390675,0.7106542,7.0|
621.4567,171.2357,758.0434,244.80104,0.9979352,0.9952429,2.0|470.53583,174.20522,522.27295,214.99406,0.953557,0.97840995,2.0|513.0411,134.71783,602.08575,215.26811,0.88623875,0.6683401,7.0|
624.55927,173.94954,759.21875,243.59421,0.99427855,0.98287404,2.0|467.45587,173.61739,525.1861,216.03706,0.969529,0.959243,2.0|513.8936,129.75406,607.228,215.69727,0.96771854,0.6238746,5.0|
626.26776,177.74292,756.01056,248.35472,0.9970059,0.98182964,2.0|467.5495,176.39127,521.33136,214.0444,0.91775316,0.9669643,2.0|513.38745,132.98007,603.51965,217.07227,0.99037945,0.5838435,5.0|
624.7276,175.96751,762.76447,247.90103,0.99048656,0.9662774,2.0|467.16052,177.87593,522.0913,216.2495,0.96234816,0.9699056,2.0|512.6513,132.36707,608.0574,223.75697,0.9827221,0.81561005,5.0|
621.5984,176.19966,760.0904,252.41994,0.98836726,0.989717,2.0|469.12216,182.51694,517.52875,215.83568,0.961569,0.92641294,2.0|
624.8942,178.43878,757.8537,250.07544,0.993052,0.9924736,2.0|468.5749,180.24199,517.25867,216.13719,0.95124465,0.923026,2.0|512.1335,132.05034,606.25305,225.83493,0.99270004,0.63915753,5.0|
622.5342,176.19252,762.9077,251.59634,0.9894035,0.98983824,2.0|464.6671,180.76828,518.1006,216.61353,0.9537078,0.97210354,2.0|508.13016,130.62549,630.7113,228.33818,0.9577086,0.7264254,5.0|510.24002,128.99979,643.9788,223.33246,0.91071534,0.4474517,7.0|
623.3368,181.67194,768.79846,256.82623,0.99496484,0.9924799,2.0|463.4784,182.79996,515.9746,218.26338,0.9642956,0.9795228,2.0|510.0427,131.8845,610.3673,227.07611,0.9807036,0.6463454,7.0|
618.84906,180.94373,770.4196,257.58737,0.9930288,0.99368554,2.0|464.84576,180.05795,518.08136,222.68274,0.9690239,0.9829343,2.0|511.82266,133.20193,609.35016,228.12288,0.9635109,0.57564884,5.0|
619.2632,180.78014,780.36066,258.4821,0.992322,0.9945655,2.0|464.61877,182.539,515.7814,218.70578,0.9723635,0.98457634,2.0|508.2327,134.02475,611.2147,226.59933,0.95132405,0.7026771,5.0|
624.6015,177.69244,782.1859,258.72,0.9930773,0.99729055,2.0|465.6397,183.96436,517.0385,221.03789,0.953899,0.99539536,2.0|507.79178,133.19688,612.0494,229.25446,0.9481263,0.6109493,7.0|495.00632,132.56412,626.90186,234.87398,0.96057945,0.5731798,5.0|
628.4716,180.95938,785.98706,260.6037,0.99712855,0.99813724,2.0|464.67374,183.76411,514.9442,220.31299,0.96240103,0.99383706,2.0|505.65503,130.94493,628.08887,235.05537,0.98822486,0.76689214,5.0|
628.9064,179.42436,793.90717,261.6869,0.99793845,0.99760926,2.0|464.1805,184.478,512.8054,220.61629,0.9456803,0.990772,2.0|504.50955,130.66977,617.8891,235.90414,0.9196761,0.71830595,5.0|
630.9438,185.93849,792.26544,262.6395,0.9971433,0.9937517,2.0|465.07434,188.58235,511.85916,221.21707,0.91030556,0.9731502,2.0|503.25592,132.83163,635.3576,234.4295,0.9929784,0.80267346,5.0|
630.53955,187.23325,792.0226,262.95685,0.9981957,0.9958162,2.0|497.05597,130.04793,647.6854,233.06917,0.99533033,0.89501053,5.0|465.26178,187.44716,511.15045,221.10106,0.9023459,0.95841855,2.0|
630.907,187.59018,799.07306,263.25806,0.9952983,0.99548763,2.0|466.09412,188.76427,509.7827,220.39656,0.90713495,0.9271679,2.0|500.76852,132.12976,633.8497,232.2468,0.9498571,0.7973587,5.0|
630.38275,182.88159,800.2045,262.07837,0.9981097,0.9957391,2.0|493.59326,127.99641,627.8227,236.84808,0.9542836,0.8758209,5.0|466.35797,187.1054,508.5126,219.95116,0.86468416,0.9407946,2.0|
629.0211,185.02919,802.3451,263.71298,0.99239165,0.9977871,2.0|489.42255,126.93029,620.9656,237.8602,0.97895265,0.9578117,5.0|467.05396,189.44022,507.61658,220.46759,0.85534066,0.9780682,2.0|
631.29,184.54941,798.60693,263.622,0.99622464,0.99675155,2.0|467.89624,191.91522,507.84805,222.90984,0.9122917,0.9937344,2.0|498.61212,128.23738,616.9834,241.53624,0.96644115,0.93740284,5.0|
628.4125,187.78023,804.03436,263.6131,0.99028313,0.99813473,2.0|496.0867,130.77834,647.149,240.00705,0.9853962,0.9274191,5.0|467.15643,192.06358,506.55087,221.38776,0.868854,0.9932098,2.0|
627.06464,186.88495,804.80164,265.11642,0.99122006,0.9965688,2.0|492.918,129.27332,627.1757,241.44539,0.99039197,0.8794935,5.0|465.14954,193.01334,506.97836,222.48727,0.83179694,0.99541545,2.0|
626.0221,184.44154,808.1428,264.82693,0.99753076,0.9969957,2.0|488.40097,128.26628,619.7573,238.41264,0.98657113,0.90591264,5.0|464.70163,190.23495,503.85596,223.36545,0.89459026,0.9897396,2.0|
627.6447,183.44576,807.3289,263.9947,0.9972861,0.998845,2.0|494.7722,127.414536,604.2808,239.69742,0.97241205,0.95407814,5.0|465.70105,191.11673,502.17017,222.85217,0.9052465,0.9824132,2.0|
626.3938,184.62653,813.06915,265.2789,0.9977715,0.99794763,2.0|493.2609,122.400764,612.593,244.6551,0.9795252,0.95608014,5.0|465.8942,190.90704,500.7321,224.60013,0.824067,0.9758223,2.0|
627.1918,184.48651,812.07324,266.79807,0.99868685,0.99937564,2.0|483.33316,122.87139,630.2673,241.66512,0.9910026,0.9361957,5.0|
626.6288,184.02525,812.66266,266.54626,0.9989525,0.99974674,2.0|492.16412,122.54912,613.32074,243.57169,0.98840976,0.9621049,5.0|
624.63586,185.55272,814.7592,266.1573,0.9982679,0.99968076,2.0|484.88345,125.03626,649.54755,239.10623,0.9911389,0.96516055,5.0|
625.9268,184.59995,819.25195,266.39673,0.99904186,0.999701,2.0|472.42307,122.65709,633.19196,242.56639,0.99240524,0.6440592,5.0|
622.5665,185.49277,817.84485,267.0454,0.9986578,0.9998536,2.0|477.66907,123.98325,653.0102,239.33134,0.9922381,0.6879865,5.0|
622.2106,186.56822,818.7433,267.1386,0.99857736,0.9998148,2.0|473.84897,122.96995,664.1649,240.28593,0.9942866,0.5950282,5.0|
620.67035,187.4512,821.0678,269.36127,0.99920577,0.99979573,2.0|474.19275,120.14751,662.72125,241.86679,0.9933601,0.7790239,5.0|
622.788,186.95537,818.6622,269.80792,0.99937254,0.9997725,2.0|471.83157,120.22006,638.8184,245.69467,0.9924539,0.60318786,7.0|
625.13354,190.10918,818.197,269.45236,0.99951434,0.99975413,2.0|468.0513,123.04551,638.3426,245.7284,0.9939446,0.9053281,5.0|
635.95575,190.8329,818.00476,270.26328,0.99935955,0.99918574,2.0|464.8966,122.363266,644.9753,245.68808,0.9932707,0.8601228,5.0|
632.6184,188.89108,826.6513,270.46887,0.9992717,0.99925965,2.0|458.80304,127.33077,644.21716,249.62234,0.8069827,0.706877,7.0|
632.884,187.77231,824.7699,269.34244,0.9992687,0.999501,2.0|463.48334,128.29938,628.6444,249.47377,0.88523984,0.67731106,7.0|
629.91406,191.21709,826.85236,268.27377,0.9994837,0.99984074,2.0|457.3934,122.23335,641.4913,245.65767,0.99054563,0.8306581,5.0|
632.62994,190.32991,830.49725,268.22705,0.99954647,0.99980193,2.0|450.70093,127.38239,639.66876,250.11005,0.99472874,0.86182135,5.0|
631.79333,190.25406,829.36035,269.2164,0.99959105,0.99977547,2.0|450.16663,128.34048,633.59766,249.3631,0.99453366,0.79756117,5.0|
631.6665,190.75778,828.2745,269.0914,0.9994344,0.9997842,2.0|452.75824,126.67734,649.1605,251.24803,0.9962089,0.8813988,5.0|
630.8566,193.9317,840.6238,276.17166,0.9995441,0.9998566,2.0|450.7561,126.56195,647.3816,250.95749,0.99531096,0.9682795,5.0|
632.85583,189.34503,831.5793,269.04614,0.99949646,0.9995821,2.0|450.90894,126.913124,635.3968,250.8933,0.9970204,0.83535147,5.0|
632.0628,192.43387,842.6849,275.84622,0.9994727,0.99947983,2.0|447.17407,125.00181,617.2542,248.76926,0.9959884,0.9092559,5.0|
634.04877,191.01634,847.33624,276.69745,0.99951935,0.99955755,2.0|451.14026,125.36465,629.84564,251.17023,0.9968828,0.7909366,5.0|
631.6579,193.17433,842.1816,276.13425,0.9994442,0.9996377,2.0|441.75644,122.167114,624.53357,251.3443,0.9969735,0.8701434,5.0|
632.6149,191.818,848.5429,277.61166,0.9995466,0.9995054,2.0|443.9188,123.74241,620.0575,250.56874,0.9987362,0.7912088,5.0|
632.53876,189.2049,853.4089,278.03458,0.99964464,0.9997123,2.0|441.6399,121.01023,617.8813,252.50624,0.99855703,0.64154524,7.0|
633.93414,191.37941,847.8298,279.01736,0.9995092,0.9989795,2.0|440.13876,123.94043,611.7198,252.3358,0.99759656,0.7714166,5.0|
637.1645,192.29668,859.18805,278.8694,0.99956197,0.99846506,2.0|443.35928,118.46697,612.37024,253.61531,0.99751425,0.86642355,5.0|
636.8293,191.14198,853.0516,279.5467,0.9995202,0.998884,2.0|441.7095,115.46477,610.98236,252.694,0.9874257,0.64840674,5.0|445.58377,122.08973,618.1559,263.95166,0.9291875,0.6064689,7.0|
639.39105,193.94557,850.35956,278.08456,0.9994448,0.9991885,2.0|439.0873,118.17678,617.16364,255.8498,0.994836,0.7847872,5.0|
637.38446,192.56279,855.5076,279.12665,0.9995135,0.99878377,2.0|438.34283,111.41152,610.9505,252.20886,0.9977063,0.84708077,5.0|
632.349,191.89806,860.85547,280.87534,0.9994192,0.9983652,2.0|428.0309,112.68639,607.73413,254.95901,0.9979122,0.55934983,5.0|436.917,118.59319,615.5294,259.92645,0.99053603,0.5064453,7.0|
637.2525,193.13306,857.40717,280.20038,0.99915755,0.9980205,2.0|438.13535,116.85188,611.4519,259.34238,0.99637634,0.67810786,7.0|
644.19073,191.35265,873.9408,278.28366,0.9992455,0.99692816,2.0|433.0249,112.45875,612.10455,259.95624,0.998789,0.6847689,5.0|437.22818,119.70196,623.48486,266.16257,0.89341825,0.50988024,7.0|
640.807,193.42181,865.58374,280.7316,0.9983525,0.99568,2.0|433.21292,107.44785,613.2932,257.92416,0.99013585,0.52735347,5.0|424.5795,117.4202,602.94934,268.99677,0.88772875,0.53916,7.0|
647.81494,192.46533,877.48865,281.56638,0.99601966,0.9984549,2.0|427.4078,107.0206,621.4115,261.0176,0.99644107,0.6146128,5.0|430.19455,117.02527,617.28296,268.49194,0.85555315,0.5601059,7.0|
645.92566,191.05263,876.7598,283.58957,0.9988644,0.99924684,2.0|425.32404,109.78401,620.06714,267.30377,0.99580586,0.6746477,7.0|
640.3791,189.72333,885.3714,285.01166,0.9969324,0.99881124,2.0|418.20605,109.04058,620.3669,264.77017,0.9916637,0.9289069,7.0|
637.6403,189.98883,889.7027,285.8121,0.99690455,0.998882,2.0|417.53287,111.83417,632.2156,265.42084,0.9966473,0.93058485,7.0|
637.0311,188.81215,892.6645,286.47275,0.99361825,0.9993761,2.0|416.07065,107.166405,619.32477,265.79855,0.99925274,0.94088733,7.0|
634.47504,187.87071,895.3759,286.68982,0.9938222,0.99741423,2.0|414.60028,104.71731,618.5157,268.51917,0.9993624,0.95183665,7.0|
636.65247,188.98189,895.8072,285.01566,0.992892,0.9990281,2.0|408.91547,105.22057,597.91705,272.69598,0.99964356,0.95870024,7.0|
636.87476,188.17302,898.42584,286.022,0.9945293,0.9986405,2.0|415.9645,103.97303,613.82465,269.8301,0.9997845,0.9073141,7.0|
638.5724,188.2302,895.9561,285.8881,0.99579656,0.9990734,2.0|412.4787,101.5044,614.0566,270.575,0.9997975,0.92021435,7.0|
637.61664,188.63272,902.10486,286.85583,0.99908626,0.9989058,2.0|402.0523,96.66271,611.2852,272.2221,0.9996207,0.9642638,7.0|
639.471,187.911,916.14795,290.1635,0.9994307,0.9995153,2.0|407.9128,102.49928,594.0306,274.3114,0.9997516,0.9252243,7.0|
642.7363,186.28932,931.3898,289.99683,0.9990883,0.9980592,2.0|399.42554,95.48735,605.746,274.12485,0.99962974,0.94432414,7.0|
636.97784,186.28763,902.9284,289.14697,0.99909925,0.99881005,2.0|396.03146,99.883446,590.9421,275.4771,0.9997677,0.8620254,7.0|
638.75653,186.11562,900.8553,288.29074,0.9985397,0.9991942,2.0|387.87457,93.5021,604.35925,275.74707,0.92771614,0.8168331,7.0|
639.30725,187.54402,897.641,287.16058,0.9984505,0.99921095,2.0|392.0277,94.19445,606.75226,273.758,0.9996841,0.90166336,7.0|
