270.03653,192.3068,353.3656,239.8669,0.9898177,0.9959227,2.0|559.5302,168.64464,622.98865,230.77968,0.9974362,0.5638245,7.0|
209.45798,194.36162,316.0894,251.10223,0.99779874,0.99731416,2.0|2.196045,198.54037,59.043983,252.52359,0.8135833,0.9927626,2.0|558.17615,166.0247,623.18884,229.3841,0.9969554,0.46312433,7.0|
129.42839,203.4452,278.44775,269.76837,0.99965394,0.9993005,2.0|-0.7228116,204.53912,80.12735,252.17921,0.87017375,0.9627516,2.0|558.9506,166.72357,623.52136,230.33176,0.9981773,0.71894544,2.0|
19.546179,205.22105,214.99617,291.77295,0.9973116,0.9981187,2.0|562.97046,166.70087,625.53217,231.11911,0.9966827,0.6661515,7.0|
0.48686257,206.71957,125.537254,311.58203,0.99765563,0.99808574,2.0|498.64825,184.6013,522.2439,201.48328,0.8508928,0.99432737,2.0|561.1422,168.12608,624.4098,230.98474,0.99649733,0.70755595,7.0|
561.9097,167.79597,623.9371,230.87604,0.9974591,0.49680346,7.0|569.274,165.13272,626.049,230.94397,0.89886606,0.48653823,2.0|
481.8201,184.14438,510.34387,203.22275,0.893469,0.993895,2.0|563.425,165.05432,624.1981,228.51727,0.8304338,0.5834849,2.0|
475.5989,184.86218,503.29657,202.91637,0.9342315,0.99354786,2.0|563.0084,165.32672,622.9008,227.21605,0.9964019,0.39428815,7.0|569.8054,161.95007,625.0846,229.18181,0.8687899,0.38416883,2.0|
467.2936,185.13348,497.03726,205.66382,0.9171408,0.99243087,2.0|563.70734,166.95331,627.38635,231.20851,0.99795073,0.80533904,2.0|
459.3992,191.84262,487.32693,208.9741,0.8499479,0.9924746,2.0|565.0796,167.4356,628.6711,229.16531,0.94679505,0.559805,2.0|561.7039,170.06972,625.2671,229.88248,0.9829721,0.3042778,7.0|
450.2756,188.37173,486.1194,210.17783,0.9558618,0.9957551,2.0|564.10895,168.69727,628.0183,229.19643,0.99663466,0.39628693,7.0|
436.07956,187.74812,476.90256,213.99391,0.9763781,0.9929612,2.0|564.16205,169.42867,628.3813,229.64575,0.9927451,0.58393514,7.0|
425.49655,186.75594,462.53976,215.29968,0.9888777,0.9854644,2.0|564.2782,168.929,628.38116,229.20006,0.991839,0.60630774,7.0|
563.5241,167.70972,628.255,229.4211,0.9935195,0.797537,2.0|
386.03967,193.91945,439.47998,219.84067,0.88344055,0.98385,2.0|563.67535,165.66434,629.5159,226.70549,0.9609677,0.6035441,2.0|560.744,169.55353,627.15607,227.45602,0.993626,0.48828992,7.0|
562.5527,168.37512,629.7974,229.84485,0.9789371,0.7047444,2.0|
335.80234,187.10677,409.84866,233.896,0.90315264,0.93192095,2.0|564.1919,168.26782,629.1188,229.9225,0.9768314,0.6040114,7.0|
297.56454,181.61746,388.00024,244.17473,0.89874846,0.9823491,2.0|564.74286,171.14499,632.4561,232.62614,0.90782267,0.60937774,2.0|559.29083,171.26643,627.56165,232.40027,0.99161154,0.5260816,7.0|
265.35727,185.05946,365.26993,247.30804,0.9633322,0.95872587,2.0|558.7692,169.63333,624.67004,230.62956,0.9851638,0.5492327,7.0|563.39215,169.92325,634.98267,231.85463,0.86605084,0.55627185,2.0|
200.84203,193.46808,327.45386,253.78775,0.98504317,0.97795755,2.0|559.5565,169.47337,623.69165,227.95773,0.94780576,0.6187923,7.0|
120.2897,198.20622,287.7556,270.57538,0.9981269,0.99839336,2.0|562.3237,163.11046,629.39594,230.70807,0.92229676,0.7421607,2.0|
15.017033,201.81955,230.7622,294.66818,0.99857616,0.99812585,2.0|560.92236,164.33731,624.3375,227.19989,0.9762429,0.47396496,7.0|569.7768,161.88863,627.7457,227.9191,0.88859344,0.46960592,2.0|
5.1370196,210.07773,150.2127,305.21167,0.9950631,0.9961624,2.0|567.05365,166.14444,626.5028,232.23831,0.9661056,0.54173684,2.0|559.06805,169.74344,625.8047,231.68918,0.8222145,0.40623236,7.0|
567.71936,165.57062,630.516,232.39162,0.9781465,0.49906874,2.0|562.23254,166.87648,625.5941,230.5777,0.9826162,0.35188833,7.0|
567.50696,168.48938,630.61914,230.44362,0.9751245,0.52953297,2.0|562.3323,167.73393,626.3614,229.27112,0.9819295,0.48981363,7.0|
564.94775,170.78598,627.90875,232.80394,0.97997963,0.65879864,2.0|
564.5561,170.04364,628.29865,234.36757,0.9839475,0.63823545,2.0|
564.00397,169.71484,628.7454,234.28856,0.9927201,0.59985995,2.0|
563.40155,168.8738,628.68365,230.24532,0.9347927,0.8189303,2.0|
563.5186,168.14038,627.0208,229.9079,0.98803407,0.7317005,2.0|
563.7539,168.9041,627.7724,231.42647,0.992831,0.67443097,2.0|
563.2204,167.5905,626.8717,232.55403,0.9923057,0.64111745,2.0|
568.41376,167.8815,627.9229,232.19174,0.90296006,0.58471787,2.0|562.0819,169.56778,627.98126,232.25192,0.9907442,0.52898043,7.0|
563.3016,169.50023,627.7925,233.10272,0.91316426,0.77465963,2.0|
563.47815,169.51015,627.8409,232.27148,0.9372424,0.8566988,2.0|
563.6345,170.10217,628.3335,233.27074,0.96444225,0.8633458,2.0|
562.86774,167.13968,628.648,233.05098,0.9940129,0.8208633,2.0|
562.3329,167.90541,629.9277,233.89471,0.93140626,0.82207966,2.0|
563.42303,166.32896,630.0287,233.76895,0.97993565,0.8263134,2.0|
562.56287,166.02762,629.1143,233.90929,0.9094014,0.8373316,2.0|
560.9495,167.47983,625.1647,231.65161,0.94891435,0.43165237,7.0|564.393,166.55771,635.7476,232.16539,0.80430526,0.4743794,2.0|
564.08246,166.23029,628.6877,232.6062,0.9543666,0.6935481,2.0|
563.3128,167.90823,629.9052,233.09291,0.94073856,0.66070354,2.0|
564.6066,166.48796,629.736,234.44106,0.9661767,0.6305208,2.0|560.19226,169.51038,626.4168,235.2142,0.98667705,0.44202113,7.0|
563.371,166.37244,629.72064,232.19101,0.9533106,0.7647607,2.0|
562.31116,168.66281,629.38763,231.74847,0.97119766,0.76396704,2.0|
559.19653,168.94408,625.40106,232.24106,0.9525651,0.70096976,2.0|
557.4846,166.99037,629.81,231.34567,0.92635214,0.6290253,2.0|
558.2427,168.15877,630.549,234.94426,0.9769183,0.6985668,2.0|
557.7629,168.09923,630.82526,235.79276,0.9934009,0.5878324,2.0|
557.4183,165.21902,629.66833,234.45811,0.99485445,0.73964924,2.0|
555.4921,166.41841,624.31647,228.5043,0.9936871,0.84063655,2.0|
557.028,165.62238,624.3025,229.08536,0.9520212,0.85181814,2.0|
556.1163,163.80869,622.46735,229.32614,0.95801914,0.61467415,2.0|
554.2733,166.20717,621.09717,232.38881,0.97528195,0.48159757,7.0|
553.27325,162.7901,620.0648,233.58983,0.97851664,0.5808619,7.0|
551.77435,163.81197,619.281,231.71529,0.97739923,0.75268036,2.0|
552.03674,166.03291,619.50323,232.75864,0.9832775,0.81589943,2.0|
552.09766,165.49524,620.5214,233.3642,0.9946121,0.6467648,2.0|
551.3832,164.70792,618.7508,233.38658,0.98382205,0.5239302,2.0|
550.5085,165.18935,618.5271,233.21344,0.9795274,0.47074568,2.0|
551.3374,164.22902,618.6137,235.04132,0.98047984,0.39022872,7.0|
552.6735,165.60799,619.77985,234.11575,0.98782456,0.40343484,7.0|
553.87836,164.23715,621.8171,236.77608,0.9827125,0.5310797,2.0|
553.34406,163.81483,621.48816,235.17987,0.96259,0.6323342,2.0|
556.9215,161.43912,619.1717,233.87947,0.9790957,0.5026778,2.0|550.752,165.22945,623.7405,234.178,0.9863788,0.4546976,7.0|
552.87885,163.87714,620.45056,234.22696,0.98453134,0.48077476,7.0|
554.8213,164.76187,621.5789,232.25647,0.9784426,0.506629,7.0|
554.8413,164.37799,622.7922,233.77542,0.97422975,0.4570772,7.0|
555.07574,164.16592,622.41583,234.1977,0.98073316,0.53083134,7.0|
555.9857,169.2491,622.74805,233.10478,0.9787825,0.7694882,2.0|
555.3367,167.56493,623.3725,234.2451,0.9931003,0.7005219,2.0|
556.66736,165.04054,623.8579,234.67206,0.98030394,0.64286864,2.0|
555.2401,164.14006,622.54755,230.02046,0.9666285,0.70961314,2.0|
556.1624,162.74142,622.9656,230.10104,0.98585516,0.6280515,2.0|
555.3656,164.38469,621.77673,230.76294,0.98358595,0.52729183,2.0|
556.52,166.6944,622.9678,232.65013,0.9900177,0.54804003,7.0|
554.75134,167.2886,622.39294,232.71918,0.9922397,0.40881017,7.0|
555.2747,166.35965,622.3342,233.08966,0.97978973,0.6172312,7.0|
555.23303,165.53041,622.3335,230.9496,0.9543897,0.6149278,7.0|
553.2783,164.28464,618.8372,229.65466,0.96910256,0.5213735,2.0|
552.0415,168.54573,616.897,226.09354,0.8701852,0.4985171,7.0|
558.2841,168.48938,614.79346,224.83861,0.8949771,0.53639317,7.0|
523.87036,189.57942,548.3333,208.1161,0.90524054,0.99251455,2.0|

555.2722,168.99313,612.4013,233.25099,0.8951496,0.62699383,7.0|


500.5661,186.36899,522.10956,199.8965,0.8608911,0.9936972,2.0|555.0235,166.33002,611.1406,229.4855,0.856895,0.43370116,7.0|
494.12726,186.11333,516.5868,203.69684,0.81119215,0.9882299,2.0|550.1932,170.13905,615.6803,233.1427,0.9632,0.7608665,2.0|
482.04846,188.4118,506.5966,203.82831,0.9077196,0.9717159,2.0|551.9695,170.7919,611.2903,228.66849,0.86884445,0.6586899,2.0|
474.4342,184.40099,503.61176,206.4616,0.8896015,0.9456345,2.0|548.9452,168.56776,613.61945,230.18369,0.96682125,0.44273892,7.0|
465.2336,185.183,498.99988,209.29091,0.9658253,0.9531386,2.0|552.9315,169.5964,609.58014,231.34303,0.93919575,0.6920965,2.0|
449.82495,188.56638,490.31128,211.95618,0.9853292,0.96415305,2.0|548.875,173.48123,611.51843,227.89688,0.97232497,0.7347512,2.0|
434.22125,186.60905,480.6884,214.59796,0.9762768,0.9801215,2.0|549.442,169.98637,613.49805,229.54527,0.9664818,0.8058748,2.0|
418.8899,189.73564,470.54034,218.71872,0.982372,0.94422776,2.0|547.7362,167.00644,610.80725,231.04301,0.99338526,0.5374916,2.0|
398.65503,193.91904,451.49246,222.60576,0.98045003,0.9727394,2.0|549.13275,165.18616,605.902,228.47142,0.96846855,0.56467825,7.0|
375.60782,190.16545,441.58313,231.74043,0.98919255,0.91057503,2.0|548.17865,166.01065,604.63995,232.17749,0.9796841,0.7433179,2.0|
342.417,188.28644,422.08325,238.57074,0.981428,0.63384706,2.0|548.8506,163.72552,605.4781,230.55867,0.9858436,0.55977947,2.0|
295.90775,188.03532,399.33102,244.83469,0.99843293,0.9445338,2.0|550.43585,162.66313,602.8809,227.21411,0.9806159,0.38149104,7.0|
241.75089,193.95462,373.18134,258.69193,0.9997569,0.99632794,2.0|546.5285,163.96332,610.07764,230.91882,0.9951331,0.4319182,2.0|
141.3007,194.01016,331.81494,280.69827,0.99724317,0.9964294,2.0|545.24506,165.2406,609.48267,229.0584,0.9896464,0.8310343,2.0|
6.12416,198.65613,273.14993,312.7368,0.9998995,0.9993956,2.0|546.1998,165.30101,609.9335,230.2258,0.9924614,0.77791387,2.0|
5.480572,204.12709,151.08766,332.82022,0.9961473,0.9981166,2.0|547.0697,162.96867,609.86566,230.48349,0.9934448,0.5606101,2.0|553.4168,157.49065,603.5082,219.69948,0.8365342,0.6585961,7.0|
548.8431,164.16756,613.2584,227.6518,0.9828541,0.7628311,2.0|
550.4339,164.42456,613.5216,227.49744,0.9681733,0.5595591,2.0|
551.5814,169.63441,615.4397,228.05843,0.9821977,0.68858725,2.0|
552.9821,170.48923,616.42615,228.53984,0.97850275,0.5937777,2.0|
552.277,165.99608,617.4102,226.61221,0.98555654,0.6719134,2.0|
552.6293,165.2776,617.4117,227.14525,0.9877957,0.73924696,2.0|
554.93945,164.12851,619.5772,227.12086,0.9901806,0.43099064,7.0|
554.39856,167.10344,619.05457,230.77539,0.993254,0.3773229,7.0|
556.7558,173.7549,620.53284,229.5247,0.98676026,0.3499121,7.0|
558.09155,175.2336,620.5409,229.22601,0.98290145,0.30550396,7.0|
561.58746,168.05006,618.455,227.30876,0.98899746,0.5191778,7.0|
561.2186,165.34846,617.9894,224.99472,0.9917434,0.4710878,7.0|
565.0904,162.68076,619.35974,220.46138,0.88757104,0.6677011,7.0|
561.76654,162.7173,619.1303,222.41045,0.8923554,0.671381,7.0|
489.9735,183.91133,523.02655,206.14174,0.9552747,0.9705034,2.0|564.60406,165.11588,617.78284,217.25284,0.8793112,0.5882352,7.0|
480.82257,185.1404,514.56116,210.72404,0.9831323,0.98540676,2.0|563.1486,167.24155,615.1197,219.0903,0.91124934,0.46022895,7.0|563.26776,174.01541,612.96155,215.7935,0.8564651,0.47957078,2.0|
471.6344,188.38635,506.2345,215.37756,0.9890469,0.98029214,2.0|559.5136,166.83173,613.3141,221.90599,0.967527,0.448477,7.0|
460.03525,182.83762,498.13754,215.95076,0.8776372,0.7821704,2.0|563.23425,166.55351,614.0545,221.04994,0.9481993,0.5755269,7.0|
443.26248,188.82411,490.03928,219.27939,0.9641535,0.8771693,2.0|564.5302,164.44873,615.3999,218.17339,0.9563374,0.59684205,7.0|
432.31906,187.49979,480.80664,221.80899,0.862852,0.884878,2.0|563.74835,165.68495,615.5865,223.24814,0.9724583,0.57874644,7.0|
406.06326,186.2001,467.70715,233.21243,0.93978214,0.8895534,2.0|563.62994,168.99297,615.38153,228.88776,0.9739005,0.5740777,7.0|
375.56085,185.99963,455.05,243.63217,0.9949291,0.9683689,2.0|563.0765,171.29425,615.2626,227.87923,0.908183,0.45418125,7.0|
339.7883,187.8627,429.28638,248.8765,0.9978575,0.95215356,2.0|567.66907,178.11736,611.68353,225.41843,0.9211222,0.8163653,2.0|
300.50476,195.91112,409.58893,259.5934,0.9991986,0.9903294,2.0|567.53235,181.06062,608.24725,222.17744,0.8685196,0.6026194,2.0|
210.88922,200.59143,367.45166,275.90237,0.9969854,0.9945879,2.0|565.9949,170.2736,618.69,222.8393,0.95012015,0.624415,7.0|
89.39464,196.82933,302.62393,301.71408,0.99985814,0.9979919,2.0|567.97186,177.69135,610.49286,215.72926,0.8943679,0.6714209,2.0|
3.1127603,208.49469,234.46272,351.89053,0.9997274,0.997543,2.0|
2.1409595,209.28305,90.59128,362.5972,0.97474426,0.98076737,2.0|566.18896,165.77345,622.66504,220.22836,0.9273034,0.48559403,2.0|

569.74927,174.4901,624.4317,228.34297,0.89835566,0.5923437,7.0|
576.8302,178.1505,625.65155,223.76598,0.8055735,0.8667802,2.0|
579.102,180.4786,624.21106,220.75818,0.85400414,0.70776206,2.0|
568.9034,172.51271,626.1509,225.7593,0.9642504,0.83119214,2.0|
571.7668,171.14285,627.6345,223.73065,0.9711168,0.5688054,7.0|
571.4245,173.13338,626.9382,222.88693,0.8714813,0.5668219,7.0|574.6187,175.57504,626.75134,220.79396,0.8351193,0.53026193,2.0|
572.63617,167.49414,626.16644,220.88637,0.96208405,0.6448878,7.0|
574.2833,174.41034,625.7005,220.7613,0.86918133,0.88505846,2.0|
573.545,170.1131,625.971,222.0578,0.8495295,0.5923917,7.0|
571.7867,167.78482,626.1117,221.66019,0.964092,0.5993991,7.0|
569.2772,168.72066,625.06586,219.30186,0.9531166,0.5302706,7.0|
567.83905,169.85887,622.6209,217.89175,0.8063296,0.8008029,7.0|

572.4476,173.95055,623.70386,224.22931,0.850474,0.64761984,7.0|
570.40796,170.56857,623.0344,225.27068,0.9072469,0.76800376,7.0|
567.23206,170.8939,623.2515,225.30276,0.8958504,0.8679342,7.0|
572.6097,174.3945,612.83405,216.99867,0.8833853,0.73537296,2.0|
572.8571,176.28014,612.6353,216.25183,0.9179023,0.89724284,2.0|
572.2534,176.96121,612.9368,216.72148,0.8363271,0.8572462,2.0|
574.3803,170.2473,623.8999,219.80327,0.860123,0.81025,2.0|
577.21545,174.2126,622.61005,218.2414,0.88603693,0.73397285,2.0|
570.12354,168.6308,623.7287,222.01688,0.84639466,0.6086997,7.0|
570.521,166.48555,622.74817,221.42549,0.8775551,0.7252982,7.0|
570.6654,167.10794,623.0253,221.38806,0.84068626,0.6630246,7.0|
573.08746,165.97983,623.21216,222.13037,0.8817852,0.66290045,7.0|
571.93756,167.22142,624.7269,221.58412,0.82413816,0.6811084,7.0|
574.43896,160.14954,623.67285,220.54683,0.8525162,0.8598442,7.0|
574.23895,159.90483,622.7835,220.77611,0.90224767,0.8552608,7.0|
572.5782,164.55948,623.90674,223.0916,0.90608996,0.75845385,7.0|
572.2923,168.18585,624.0699,223.29666,0.86223143,0.7811581,7.0|574.36646,171.3634,624.1693,220.80907,0.8294615,0.5630838,2.0|
571.36694,167.93275,625.0531,222.42029,0.8141175,0.77334845,7.0|
572.8415,165.60349,624.77124,222.41849,0.8988551,0.7754953,7.0|
572.2825,166.12296,625.5197,222.89946,0.8889931,0.77644825,7.0|

506.02585,186.30402,523.772,199.71782,0.83713824,0.9862997,2.0|576.64685,174.62978,623.1863,217.06052,0.87023467,0.746551,2.0|
502.19968,186.85353,520.4367,199.84229,0.8388717,0.9888854,2.0|576.82434,175.43872,623.32117,216.84053,0.9365911,0.6285835,7.0|
577.2585,176.54361,622.0754,215.73581,0.9365021,0.65854347,2.0|
478.3312,188.17679,504.20325,205.40704,0.90879345,0.9849541,2.0|
473.32956,189.61984,497.39767,206.61049,0.8739136,0.98655486,2.0|
457.1806,190.83705,486.97095,208.8508,0.9165001,0.981386,2.0|581.4286,182.66714,621.89716,214.87398,0.91836977,0.9326182,2.0|
447.95633,187.68895,481.96777,210.72806,0.96444297,0.9854976,2.0|577.4066,173.05467,620.49524,216.14462,0.8419037,0.69022685,2.0|
431.29147,189.06274,467.51196,210.46843,0.9112953,0.97939163,2.0|577.37964,153.25223,623.1421,218.4085,0.8198584,0.8818331,7.0|
420.15482,191.18654,458.6049,215.34216,0.9714091,0.97718847,2.0|577.612,181.46637,620.3693,214.99817,0.81670004,0.95166886,2.0|
400.4162,188.34784,443.31024,221.41484,0.9890126,0.9066533,2.0|580.6067,176.03458,621.70764,218.09346,0.84414405,0.6559997,2.0|
373.48712,189.16234,428.05347,226.05234,0.9943446,0.9933281,2.0|
343.78986,188.95932,410.9963,231.23125,0.96514446,0.9880904,2.0|
305.26614,190.47656,381.92255,237.55898,0.9987632,0.9939195,2.0|
257.56955,187.2303,354.5993,244.93486,0.9971871,0.9940123,2.0|576.0314,175.63399,624.12463,216.8468,0.8938649,0.7021036,2.0|
179.33063,193.84747,301.41412,256.26743,0.99890697,0.99161595,2.0|
68.54011,195.34361,241.96107,277.97202,0.9947765,0.99827075,2.0|
-2.165402,197.55974,151.9581,310.0903,0.9962798,0.99604744,2.0|

572.5698,168.13988,627.6777,223.62273,0.95310944,0.6036018,2.0|

576.23615,172.89157,626.4876,219.51782,0.83771926,0.91946584,2.0|


508.22034,181.29463,528.5943,193.13618,0.82519245,0.9853322,2.0|
504.45535,180.61302,526.3536,195.25285,0.89055145,0.97470516,2.0|574.2475,169.78749,626.096,218.3379,0.902063,0.880134,2.0|
575.9799,171.7859,624.00244,215.33688,0.91891634,0.9355481,2.0|
495.43814,184.67133,519.7541,199.9528,0.875474,0.99536973,2.0|
575.8016,141.39897,622.7196,217.12538,0.92583126,0.21569477,6.0|
567.21173,134.5033,622.08936,218.24017,0.86643016,0.39739296,7.0|575.2852,136.25166,621.87885,218.62941,0.83785814,0.3228135,6.0|
473.20255,185.45363,498.86914,202.31946,0.9072884,0.99069,2.0|

450.86246,189.8638,479.95282,206.4966,0.8503078,0.99706525,2.0|
440.14926,185.88551,474.81152,208.89685,0.84096766,0.9955505,2.0|574.8932,177.95271,611.84454,213.85541,0.8222468,0.9614122,2.0|
570.32715,183.01236,614.6925,215.41595,0.90209526,0.9930918,2.0|417.59665,190.27322,460.4931,211.25403,0.8422352,0.9963664,2.0|
567.8705,179.24316,610.6388,215.93196,0.9185309,0.9785607,2.0|
563.30835,177.49583,616.04596,215.40558,0.9012585,0.91486037,2.0|386.29364,190.5245,436.00305,217.22649,0.8077898,0.9261808,2.0|
357.00595,191.53145,418.6769,224.76833,0.93296224,0.9856431,2.0|567.68335,180.29811,612.3909,215.71391,0.81290525,0.97822034,2.0|
568.1005,187.54375,612.10065,216.77052,0.93330073,0.91995454,2.0|
283.69083,191.85713,375.29614,239.87007,0.996786,0.96910906,2.0|569.7537,186.47922,609.65204,214.86798,0.9475293,0.9861211,2.0|
231.34213,199.09685,339.71204,252.55644,0.9988493,0.9947955,2.0|568.5236,183.82356,615.09955,218.47154,0.9396452,0.9693652,2.0|
142.3352,204.85858,294.6033,268.63507,0.9988801,0.9877089,2.0|572.0057,182.50499,613.4932,216.20937,0.84952193,0.98082894,2.0|
9.020359,204.72958,227.33862,298.40958,0.9983772,0.9938558,2.0|
-2.2962458,211.29063,135.24307,311.74326,0.98655045,0.9925488,2.0|572.67194,182.41573,610.70374,216.96767,0.84130144,0.94036144,2.0|
571.07446,182.05476,610.746,217.92584,0.9145209,0.9506211,2.0|
572.2497,181.58058,612.0227,217.68442,0.8315528,0.9192025,2.0|




573.31287,182.05508,610.9442,213.01805,0.8426596,0.9591059,2.0|
573.30896,181.4208,612.10693,216.37677,0.82668334,0.91361785,2.0|
572.99097,181.6912,611.001,218.01802,0.8341669,0.88482153,2.0|
574.772,175.15964,617.29675,221.72925,0.8178583,0.5313875,7.0|
578.41235,179.998,623.9477,221.1623,0.89258456,0.61515015,2.0|
580.3605,180.21936,623.3234,216.59583,0.9674818,0.87525076,2.0|
577.44415,175.39479,622.6237,215.63986,0.9617452,0.8748963,2.0|
579.63776,173.67465,623.0147,216.05814,0.9509724,0.8904227,2.0|
574.9293,172.16626,627.2878,217.23659,0.9711926,0.8389383,2.0|
577.25024,170.84325,624.8471,218.55124,0.9519789,0.8385059,2.0|
574.9112,171.03055,625.6984,218.69904,0.96513724,0.93297535,2.0|
574.24146,170.93855,625.10565,218.5196,0.9349227,0.65248334,2.0|
578.9458,167.51147,623.30505,220.636,0.80280304,0.3555221,5.0|

571.35614,171.33534,613.83014,216.91792,0.81780136,0.52485025,2.0|572.85736,168.61533,624.7179,217.77359,0.8610163,0.29232538,7.0|
571.42615,170.71747,615.0794,217.12798,0.8920112,0.31417397,2.0|
571.3139,170.2941,625.7265,215.71423,0.81089413,0.26251057,7.0|
571.28827,169.49149,625.94385,217.34845,0.8380385,0.38335547,2.0|

578.4057,176.62054,621.42316,218.87503,0.9193263,0.39624694,2.0|
578.40906,173.29065,622.4446,219.36159,0.92230505,0.39960307,5.0|
576.5189,172.09435,623.5514,217.7165,0.90071905,0.3727929,5.0|
578.33923,170.49738,625.2788,216.70952,0.93986404,0.58998734,2.0|
577.65424,176.245,625.83344,215.08778,0.9663173,0.7766476,2.0|
577.4194,171.79805,629.4805,217.0958,0.9378498,0.44990292,2.0|
508.17978,180.69609,525.4693,193.57536,0.8035531,0.9717283,2.0|579.1581,168.78444,628.5352,217.33661,0.92127585,0.3214056,2.0|
447.31372,188.02658,478.60135,207.35065,0.93632525,0.9833318,2.0|579.7748,173.56668,629.86383,214.9036,0.9551434,0.56857604,2.0|
429.80716,191.42934,468.4186,211.098,0.8077505,0.99407214,2.0|581.87115,169.3024,630.94495,216.91426,0.9469714,0.50109524,5.0|
420.8803,188.85257,456.71127,215.0939,0.9798452,0.96641994,2.0|582.89606,172.36882,630.2813,215.8822,0.9144324,0.26120368,2.0|
404.9444,193.04443,441.61462,219.20927,0.99330163,0.9960069,2.0|580.9209,173.0362,631.3786,216.18231,0.93119514,0.34346977,7.0|
379.06918,194.2625,420.07733,224.16887,0.9860969,0.99297684,2.0|475.90216,184.43361,502.8463,204.09473,0.83815926,0.9869459,2.0|580.2344,173.08759,632.07263,216.8838,0.9401452,0.33083272,7.0|
505.60034,187.80266,529.1981,206.03249,0.93502074,0.9951826,2.0|349.30624,190.16254,406.63754,232.54439,0.9599204,0.9569792,2.0|469.36902,182.55006,495.69836,204.7222,0.8527028,0.9772701,2.0|580.5764,175.98964,633.4201,217.54459,0.96241087,0.39185482,7.0|
312.22446,196.97404,387.2231,236.3192,0.95245737,0.98556143,2.0|500.59113,190.14287,524.6905,208.22217,0.926592,0.99258643,2.0|453.22806,181.53966,488.1172,210.11415,0.87516755,0.8864078,2.0|580.2408,177.28471,633.82745,218.89384,0.96115863,0.4710083,7.0|
263.7231,198.39137,357.68118,243.33244,0.99774593,0.9946378,2.0|490.72794,186.2403,518.5813,209.7843,0.827742,0.9519636,2.0|438.44302,173.28168,481.08667,213.87997,0.9603967,0.5094147,7.0|582.4842,177.13377,633.51,218.37627,0.9644373,0.42358997,7.0|
203.1952,202.46246,318.41464,259.23163,0.99947935,0.9369188,2.0|474.15958,189.90344,506.4327,217.19168,0.9584565,0.9740447,2.0|423.77875,174.87122,471.55374,217.91766,0.93987215,0.6810161,7.0|583.4165,179.13814,632.5864,217.28339,0.9715788,0.39941886,7.0|
90.88508,209.10797,251.36635,280.66006,0.9986436,0.99183476,2.0|588.1393,174.34784,628.59015,218.62495,0.90137553,0.4804144,7.0|
0.077751935,216.43085,176.04193,302.67996,0.99560565,0.97836053,2.0|432.22995,191.59639,484.71732,226.802,0.9632376,0.9764544,2.0|525.3155,187.07408,542.8235,201.84145,0.9440455,0.9913846,2.0|483.19424,191.19716,504.4786,207.79132,0.85741377,0.9923051,2.0|379.47095,175.79645,438.28223,222.86482,0.96726334,0.6433157,7.0|584.9326,175.91667,632.06,219.5392,0.9577024,0.43911615,7.0|
474.81415,187.60524,499.2336,205.24683,0.92406374,0.9941943,2.0|519.3784,184.48174,538.00653,201.77928,0.87076384,0.9825065,2.0|403.91238,186.73445,466.00546,233.83168,0.9397515,0.8611531,2.0|357.04358,176.76334,414.63855,229.24062,0.96390593,0.6218741,7.0|584.43054,173.11116,635.1129,218.49702,0.9561826,0.44939983,7.0|
361.67426,195.78725,450.53555,246.63185,0.99342334,0.9954137,2.0|505.35767,184.17857,532.6747,203.82364,0.9381372,0.96715856,2.0|470.2471,189.35214,491.61783,206.45596,0.8967743,0.9917395,2.0|318.24564,180.24818,399.13495,233.24698,0.9683387,0.84297264,2.0|584.18494,172.70909,635.6423,219.08133,0.8464331,0.5050841,7.0|
298.46362,190.60489,417.6808,256.44138,0.9978802,0.99343914,2.0|501.29413,184.56522,527.641,206.31271,0.917833,0.9498023,2.0|457.86862,192.0065,484.03763,209.98405,0.8806165,0.9870882,2.0|275.5559,178.77466,364.74838,239.82657,0.92441106,0.79874283,2.0|587.2864,176.48524,630.9783,217.07364,0.94576305,0.40176713,7.0|
216.18939,193.60664,378.77753,279.03156,0.9942668,0.9949987,2.0|447.5946,189.13489,477.2083,210.12242,0.97466,0.9774991,2.0|492.80325,185.8781,520.1484,206.4531,0.9356499,0.9710684,2.0|589.8443,181.24939,627.639,213.15044,0.9440573,0.7780378,2.0|213.52847,174.72298,335.0222,237.79057,0.857378,0.8008186,2.0|
428.79175,190.43143,464.31442,214.08405,0.9878042,0.9924229,2.0|56.209908,181.87415,314.1168,322.4015,0.999046,0.9781652,2.0|479.34415,187.76288,512.558,213.33952,0.9669763,0.9947019,2.0|594.95374,185.27788,627.33167,214.77126,0.855153,0.95764923,2.0|
-4.473504,205.51808,194.61467,362.39792,0.9898113,0.95756036,2.0|467.99478,187.60728,502.8581,212.4753,0.9600855,0.98323905,2.0|414.9804,188.6958,457.41653,215.07797,0.9619706,0.96389216,2.0|28.36016,168.1091,226.18944,269.40198,0.9806059,0.9146773,7.0|591.3335,184.47035,628.3069,215.29973,0.87133455,0.91457397,2.0|
395.4676,195.55756,436.9112,220.67984,0.96193224,0.99294287,2.0|447.06097,188.26932,493.6756,219.08519,0.96555716,0.9780406,2.0|1.2995052,169.0305,109.6114,322.85156,0.9271764,0.8402272,7.0|590.71643,169.83817,634.2208,220.02225,0.843262,0.7532093,2.0|
371.1566,189.75255,417.10056,224.89923,0.9847418,0.9567748,2.0|421.23737,190.49815,477.15274,227.70215,0.8871415,0.98650396,2.0|591.18335,174.61932,630.642,216.5517,0.9052335,0.79140455,2.0|
593.45734,180.4446,629.0044,213.34076,0.9306189,0.9437993,2.0|383.64267,188.8604,463.44537,234.79314,0.9082607,0.9634933,2.0|336.20102,186.31471,400.6856,233.40071,0.906161,0.9569602,2.0|
449.01926,185.7108,483.69193,210.7903,0.92757696,0.9877867,2.0|328.4362,183.17879,441.54733,243.98238,0.9378972,0.95820594,2.0|592.57446,178.81386,632.136,217.89145,0.92091435,0.7092373,2.0|
281.11722,187.3004,409.51212,258.0516,0.9958669,0.98933524,2.0|438.22034,186.10051,477.00357,210.7746,0.958243,0.9864168,2.0|246.29405,188.14265,326.65836,242.7685,0.8946962,0.97593,2.0|
180.5439,190.38763,363.99393,284.66418,0.99819237,0.960455,2.0|426.85724,190.78992,463.65918,215.07736,0.9727039,0.98017615,2.0|
14.794125,182.80893,284.24985,328.53085,0.9997284,0.97436494,2.0|589.2733,174.68181,633.5504,216.33722,0.9363338,0.45272684,5.0|
388.55927,190.82567,435.76175,220.52913,0.82897216,0.98062205,2.0|3.8604596,196.12451,149.07475,366.60873,0.9563366,0.84574276,2.0|587.5812,175.72813,637.3215,219.34802,0.8923418,0.61341405,2.0|588.6563,169.42262,640.22327,219.2958,0.82254606,0.41531038,7.0|
588.4216,170.02184,639.0671,218.80269,0.8939738,0.51620275,7.0|
320.77344,190.54149,395.04947,231.46788,0.9370795,0.9848571,2.0|586.58136,174.79326,635.4486,218.69992,0.930957,0.73264337,2.0|
279.96957,184.8204,371.93683,241.97522,0.9984756,0.9660496,2.0|589.0325,174.64058,630.28516,215.0425,0.95902324,0.75903326,2.0|
222.67421,185.76479,335.5145,247.61133,0.9981154,0.98367983,2.0|589.8309,175.69695,634.3392,217.38417,0.95413077,0.7244465,2.0|
